69670 3596.026247
69415 691.492358
69474 520.925093
70197 433.061911
69435 390.145669
70005 351.746179
70338 309.329937
69336 309.329937
69929 281.396943
70497 249.705574
70254 234.522937
69919 234.497453
69825 234.497453
69812 230.497453
69615 211.047707
69448 211.047707
69958 207.564459
69364 195.072835
70368 187.597962
68939 185.597962
69522 183.597962
70007 164.148217
70014 159.664968
70130 157.506593
69835 154.664968
70327 144.353970
70503 143.698472
70259 143.698472
69616 140.698472
69376 140.698472
68865 140.698472
70245 127.731975
69142 127.731975
69866 117.248726
69677 117.248726
69548 117.248726
69274 117.248726
69074 117.248726
69355 115.248726
70361 111.765478
70091 109.432145
70046 108.265478
69833 95.798981
69582 95.798981
69663 93.798981
69655 93.798981
70357 84.832484
69396 84.832484
69451 82.074108
69392 82.074108
70777 79.832484
70626 79.832484
69897 79.832484
69436 79.832484
69425 79.832484
69423 79.832484
69169 79.832484
69458 78.165818
70238 76.349236
69844 76.349236
69226 71.849236
70490 70.349236
70376 70.349236
69557 70.349236
70371 69.188153
70000 67.865987
69991 67.865987
70131 66.624909
70738 63.865987
70502 63.865987
70482 63.865987
70366 63.865987
70292 63.865987
70261 63.865987
69586 63.865987
69211 63.865987
68816 63.865987
70369 62.532654
70293 62.532654
70381 59.382739
70284 59.382739
70257 59.382739
70204 59.382739
69432 59.382739
69830 58.624363
69369 58.543822
70375 55.882739
70358 55.882739
69912 54.716072
69854 54.716072
70588 50.899491
70249 50.899491
69441 50.899491
69412 50.899491
69210 50.899491
69995 48.608990
69932 47.934533
70765 47.899491
70608 47.899491
70480 47.899491
69770 47.899491
69736 47.899491
69599 47.899491
69520 47.899491
69351 47.899491
69276 47.899491
70384 46.899491
70049 46.899491
69754 46.899491
69366 42.577325
70690 42.416242
70677 42.416242
70451 42.416242
70441 42.416242
70276 42.416242
70213 42.416242
69696 42.416242
69386 42.416242
69254 42.416242
69115 42.416242
69292 41.037054
70074 40.199563
69804 39.916242
69199 39.916242
70342 38.347627
70537 38.087360
69614 37.920430
69775 35.174618
70233 35.151991
70758 33.932994
70571 33.932994
70496 33.932994
70486 33.932994
70476 33.932994
70424 33.932994
70262 33.932994
70201 33.932994
70186 33.932994
70185 33.932994
69953 33.932994
69717 33.932994
69672 33.932994
69372 33.932994
69314 33.932994
69309 33.932994
69248 33.932994
69245 33.932994
68147 33.932994
69157 33.901119
69673 33.312455
70633 31.932994
70170 31.932994
69540 31.932994
69525 31.932994
69447 31.932994
67910 31.932994
67177 31.932994
67124 31.932994
70124 30.932994
70280 29.691369
69499 28.277495
69802 28.139694
70028 26.610828
69407 26.610828
69383 26.610828
70029 26.393082
69918 26.380963
70177 25.945557
70775 25.449745
70692 25.449745
70625 25.449745
70592 25.449745
70510 25.449745
70474 25.449745
70461 25.449745
70448 25.449745
70221 25.449745
69819 25.449745
69803 25.449745
69705 25.449745
69653 25.449745
69635 25.449745
69609 25.449745
69496 25.449745
69443 25.449745
69394 25.449745
69373 25.449745
69116 25.449745
69079 25.449745
69064 25.449745
69029 25.449745
68999 25.449745
68833 25.449745
67812 25.449745
69679 23.949745
70414 23.305366
69824 22.856806
70348 22.621996
69063 22.353096
69311 21.288662
69255 21.288662
70277 21.208121
69110 21.208121
70308 20.425867
69406 19.958121
69863 19.338075
69414 19.165448
70093 19.087309
69965 19.087309
69845 19.087309
70058 17.344309
70770 16.966497
70635 16.966497
70225 16.966497
70193 16.966497
69758 16.966497
69753 16.966497
69742 16.966497
69671 16.966497
69646 16.966497
69585 16.966497
69568 16.966497
69524 16.966497
69497 16.966497
69375 16.966497
69333 16.966497
69325 16.966497
69256 16.966497
69219 16.966497
69205 16.966497
69156 16.966497
69050 16.966497
68994 16.966497
67565 16.966497
67536 16.966497
67496 16.966497
66825 16.966497
66725 16.966497
66596 16.966497
70272 16.966497
69936 16.966497
69914 16.966497
69430 16.966497
70349 16.939345
70330 16.374125
69963 16.047800
69867 15.966497
69442 15.966497
70538 15.075418
69284 14.922565
70023 14.845685
70528 14.347198
69244 14.192442
69306 14.138747
70531 13.727075
70025 13.573197
70144 13.166258
70092 12.782542
70215 12.724873
69899 12.724873
69794 12.724873
69418 12.724873
69365 12.724873
69046 12.724873
67783 12.724873
70103 12.112284
70258 12.105166
70194 11.896605
69842 11.896605
69416 11.876548
70125 11.552054
69174 11.310998
68916 11.310998
69617 11.000000
69916 10.604061
69909 10.604061
69486 10.604061
70073 10.098099
69966 10.010225
69624 10.004641
70082 9.897123
69937 9.795774
70147 9.754109
69952 9.586907
70240 9.332402
69839 9.291594
70219 9.000000
69464 9.000000
69928 8.915445
70782 8.483248
70774 8.483248
70737 8.483248
70669 8.483248
70650 8.483248
70648 8.483248
70623 8.483248
70612 8.483248
70599 8.483248
70551 8.483248
70500 8.483248
70298 8.483248
70167 8.483248
70140 8.483248
70088 8.483248
69907 8.483248
69898 8.483248
69796 8.483248
69732 8.483248
69715 8.483248
69710 8.483248
69685 8.483248
69675 8.483248
69638 8.483248
69633 8.483248
69573 8.483248
69560 8.483248
69553 8.483248
69542 8.483248
69516 8.483248
69510 8.483248
69434 8.483248
69403 8.483248
69360 8.483248
69350 8.483248
69346 8.483248
69345 8.483248
69320 8.483248
69291 8.483248
69288 8.483248
69208 8.483248
69176 8.483248
69161 8.483248
69152 8.483248
69135 8.483248
69102 8.483248
69098 8.483248
69094 8.483248
69082 8.483248
69051 8.483248
69043 8.483248
69035 8.483248
69000 8.483248
68984 8.483248
68974 8.483248
68929 8.483248
68907 8.483248
68721 8.483248
68681 8.483248
68651 8.483248
68498 8.483248
68471 8.483248
68458 8.483248
68371 8.483248
68271 8.483248
68157 8.483248
68118 8.483248
68111 8.483248
67913 8.483248
67895 8.483248
67867 8.483248
67859 8.483248
67805 8.483248
67801 8.483248
67767 8.483248
67721 8.483248
67558 8.483248
67500 8.483248
67492 8.483248
67478 8.483248
67466 8.483248
67407 8.483248
67370 8.483248
67342 8.483248
67290 8.483248
67214 8.483248
67193 8.483248
67164 8.483248
67156 8.483248
67119 8.483248
67108 8.483248
67087 8.483248
67081 8.483248
67060 8.483248
67031 8.483248
66997 8.483248
66984 8.483248
66902 8.483248
66885 8.483248
66873 8.483248
66838 8.483248
66789 8.483248
66786 8.483248
66744 8.483248
66702 8.483248
66551 8.483248
66302 8.483248
66217 8.483248
66211 8.483248
66174 8.483248
66061 8.483248
66059 8.483248
66012 8.483248
64092 8.483248
64083 8.483248
61110 8.483248
60360 8.483248
57960 8.483248
56585 8.483248
54611 8.483248
54113 8.483248
52911 8.483248
52780 8.483248
52613 8.483248
49741 8.483248
46103 8.483248
40776 8.483248
40736 8.483248
38616 8.483248
29992 8.483248
25884 8.483248
20839 8.483248
12527 8.483248
10237 8.483248
7937 8.483248
6063 8.483248
70341 8.483248
69334 8.483248
69475 8.172591
69453 8.163145
69227 8.023900
69139 7.983248
69726 7.814377
70105 7.712044
69917 7.456483
70136 7.423658
69864 7.355242
69739 7.346831
70359 7.178771
69712 7.178771
70042 7.164400
70431 7.000000
70343 7.000000
70222 7.000000
70190 7.000000
70010 7.000000
69997 7.000000
69879 7.000000
69203 7.000000
69779 6.954047
69249 6.877133
69237 6.786599
68950 6.786599
69534 6.530516
70459 6.530516
70324 6.466080
70345 6.030167
70218 6.000000
70212 6.000000
70199 6.000000
69998 6.000000
69816 6.000000
69708 6.000000
69693 6.000000
69117 6.000000
67215 5.987016
70047 5.986306
70112 5.922486
70018 5.898655
69900 5.781436
69894 5.655499
69361 5.655499
70351 5.597751
70015 5.500000
69969 5.414096
66909 5.384078
69813 5.349267
70126 5.335945
69896 5.326059
70108 5.264432
70039 5.176784
70064 5.113017
70300 5.068690
69241 5.025139
70268 5.002321
70493 5.000000
70456 5.000000
70210 5.000000
70040 5.000000
69398 5.000000
69370 5.000000
70101 4.990265
69687 4.987411
70043 4.918218
70390 4.845670
70100 4.845670
69676 4.845670
69569 4.844207
69959 4.752916
70479 4.713028
70407 4.585578
70030 4.547132
70155 4.487177
69321 4.462611
70429 4.446507
69947 4.446507
69692 4.446507
70244 4.307262
69206 4.304159
69303 4.241624
69298 4.241624
69290 4.241624
69250 4.241624
69145 4.241624
69408 4.190730
70264 4.183698
69472 4.183698
69721 4.156648
69992 4.134373
69728 4.134373
70385 4.095887
70031 4.031019
70706 4.000000
70700 4.000000
70699 4.000000
70655 4.000000
70575 4.000000
70568 4.000000
70549 4.000000
70469 4.000000
70444 4.000000
70442 4.000000
70278 4.000000
70230 4.000000
70223 4.000000
70179 4.000000
70168 4.000000
70053 4.000000
69895 4.000000
69767 4.000000
69495 4.000000
69349 4.000000
69130 4.000000
69038 4.000000
70002 3.978146
70132 3.923870
69730 3.904785
69851 3.897542
70515 3.890694
70458 3.890694
70362 3.890694
69788 3.890694
70323 3.864668
69988 3.852483
70154 3.836608
70526 3.766630
69818 3.745020
70156 3.677621
70078 3.673415
69468 3.582754
69463 3.581048
70346 3.543748
70236 3.543748
69648 3.543748
70401 3.537357
70512 3.506024
70214 3.469337
69855 3.445269
70114 3.395222
70083 3.364906
70514 3.334880
69575 3.334880
69979 3.265258
69411 3.265258
69977 3.247952
70052 3.230447
69740 3.188351
69706 3.171586
70121 3.159441
69938 3.093971
70303 3.068045
69506 3.068045
70404 3.061179
70012 3.056974
70206 3.030251
69344 3.016062
70511 3.012534
70769 3.000000
70733 3.000000
70727 3.000000
70709 3.000000
70705 3.000000
70703 3.000000
70702 3.000000
70697 3.000000
70694 3.000000
70693 3.000000
70687 3.000000
70682 3.000000
70679 3.000000
70659 3.000000
70539 3.000000
70481 3.000000
70477 3.000000
70473 3.000000
70471 3.000000
70468 3.000000
70467 3.000000
70466 3.000000
70440 3.000000
70439 3.000000
70417 3.000000
70243 3.000000
70229 3.000000
70187 3.000000
70182 3.000000
70180 3.000000
70174 3.000000
70172 3.000000
69944 3.000000
69783 3.000000
69702 3.000000
69684 3.000000
69639 3.000000
69612 3.000000
69602 3.000000
69579 3.000000
69454 3.000000
69319 3.000000
69275 3.000000
69216 3.000000
69192 3.000000
69146 3.000000
69089 3.000000
68144 3.000000
68103 3.000000
69769 2.984207
70138 2.982937
70297 2.964338
70085 2.956153
70470 2.953123
69799 2.953123
70169 2.936770
69935 2.918333
70006 2.890230
70166 2.869036
69253 2.827749
69908 2.790096
70102 2.788845
69460 2.777440
69857 2.766608
70532 2.733295
69972 2.722532
69786 2.721048
70086 2.690892
69175 2.674633
70153 2.652494
70383 2.633045
70146 2.629461
70387 2.566552
70402 2.537269
70109 2.535948
70032 2.510407
69859 2.510407
69943 2.509397
69399 2.504664
70274 2.500000
69420 2.500000
69380 2.500000
70299 2.489436
69455 2.468835
70391 2.417248
69964 2.412764
70148 2.390685
70421 2.375551
70586 2.362499
70001 2.362499
68856 2.362499
69862 2.344904
70034 2.341126
69358 2.331445
69973 2.276238
70352 2.258457
70062 2.257221
70149 2.256261
70192 2.223254
69874 2.223254
69402 2.223254
69282 2.223254
66186 2.223254
70536 2.221952
69954 2.205381
70495 2.176839
70374 2.176839
69257 2.176839
69933 2.167518
69317 2.153631
69789 2.134612
69913 2.133694
70285 2.087719
70045 2.078324
70104 2.077891
70302 2.069215
69880 2.045364
70332 2.040786
70344 2.037983
70423 2.037800
70355 2.036946
70080 2.001349
70766 2.000000
70763 2.000000
70759 2.000000
70757 2.000000
70756 2.000000
70752 2.000000
70750 2.000000
70742 2.000000
70729 2.000000
70726 2.000000
70723 2.000000
70722 2.000000
70716 2.000000
70712 2.000000
70710 2.000000
70707 2.000000
70704 2.000000
70701 2.000000
70689 2.000000
70688 2.000000
70685 2.000000
70683 2.000000
70681 2.000000
70675 2.000000
70673 2.000000
70668 2.000000
70664 2.000000
70660 2.000000
70646 2.000000
70634 2.000000
70613 2.000000
70576 2.000000
70574 2.000000
70566 2.000000
70565 2.000000
70563 2.000000
70559 2.000000
70557 2.000000
70556 2.000000
70553 2.000000
70505 2.000000
70499 2.000000
70464 2.000000
70457 2.000000
70438 2.000000
70433 2.000000
70430 2.000000
70389 2.000000
70247 2.000000
70226 2.000000
70205 2.000000
70189 2.000000
70188 2.000000
70060 2.000000
70017 2.000000
69774 2.000000
69738 2.000000
69727 2.000000
69711 2.000000
69694 2.000000
69691 2.000000
69652 2.000000
69642 2.000000
69634 2.000000
69626 2.000000
69613 2.000000
69603 2.000000
69589 2.000000
69588 2.000000
69581 2.000000
69570 2.000000
69567 2.000000
69513 2.000000
69391 2.000000
69362 2.000000
69340 2.000000
69289 2.000000
69262 2.000000
69238 2.000000
69221 2.000000
69220 2.000000
69207 2.000000
69202 2.000000
69131 2.000000
69114 2.000000
69067 2.000000
68921 2.000000
68885 2.000000
68790 2.000000
68684 2.000000
68137 2.000000
68130 2.000000
68112 2.000000
68110 2.000000
67865 2.000000
67850 2.000000
67849 2.000000
67839 2.000000
67816 2.000000
67575 2.000000
66690 2.000000
66505 2.000000
66270 2.000000
66170 2.000000
66141 2.000000
70143 1.983383
70269 1.968749
69377 1.960700
70301 1.919533
70129 1.909930
70113 1.904874
69417 1.882834
69431 1.880388
70316 1.843480
70152 1.807117
70118 1.805211
70142 1.800360
70315 1.800000
69834 1.786376
70584 1.771874
69163 1.771874
70119 1.768681
70411 1.749498
70422 1.736953
69968 1.727579
69930 1.722577
70115 1.710953
69962 1.691513
69404 1.691513
70523 1.685847
69827 1.679774
70372 1.673479
70072 1.671096
70377 1.667440
67213 1.667440
69590 1.667440
69187 1.666667
69846 1.663681
69263 1.632629
69190 1.632629
69836 1.615194
69951 1.613184
69385 1.612407
69445 1.608667
69744 1.600677
69539 1.592806
69662 1.582599
70120 1.540886
69439 1.539901
69795 1.535626
69850 1.534023
70106 1.531179
69480 1.521863
70287 1.515711
70475 1.500000
70436 1.500000
70242 1.500000
69957 1.500000
69700 1.500000
69636 1.500000
69471 1.500000
69413 1.500000
69293 1.500000
69225 1.500000
70110 1.500000
70318 1.499549
69765 1.487537
70388 1.480782
69926 1.480074
69990 1.476562
69826 1.476562
69853 1.476283
70317 1.476202
69924 1.475813
69843 1.458545
70294 1.439650
70164 1.430746
69357 1.402409
69437 1.401995
69577 1.389534
70382 1.382064
70275 1.378124
69764 1.378124
70026 1.356585
69981 1.355439
70416 1.355436
70319 1.355074
69877 1.353210
69781 1.348678
70251 1.312601
69389 1.312533
70157 1.312462
69920 1.310940
69985 1.307794
69547 1.295685
69324 1.292483
69987 1.290547
69419 1.268634
70208 1.264386
69746 1.264386
69838 1.261759
70337 1.252796
70289 1.233985
69731 1.231834
70263 1.228182
69922 1.226129
70418 1.215422
70334 1.195449
70524 1.184059
70165 1.184059
70483 1.181249
70447 1.181249
70425 1.181249
69766 1.181249
69713 1.181249
69709 1.181249
69484 1.181249
68873 1.181249
67210 1.181249
67150 1.181249
67058 1.181249
67035 1.181249
69707 1.178739
70367 1.157148
70356 1.151720
69865 1.146055
70347 1.141397
69948 1.139538
70395 1.136287
70360 1.111627
70250 1.111627
69892 1.111627
69229 1.111627
70099 1.111111
70420 1.101970
70158 1.091551
70399 1.088019
70135 1.080977
69939 1.069925
70506 1.068502
70465 1.062147
70333 1.058246
70054 1.055743
70089 1.055397
70145 1.048302
70435 1.036548
70041 1.033593
70529 1.014908
70785 1.000000
70783 1.000000
70781 1.000000
70780 1.000000
70779 1.000000
70778 1.000000
70776 1.000000
70771 1.000000
70768 1.000000
70760 1.000000
70755 1.000000
70754 1.000000
70753 1.000000
70751 1.000000
70747 1.000000
70745 1.000000
70744 1.000000
70743 1.000000
70732 1.000000
70731 1.000000
70730 1.000000
70719 1.000000
70718 1.000000
70695 1.000000
70680 1.000000
70676 1.000000
70672 1.000000
70661 1.000000
70658 1.000000
70657 1.000000
70656 1.000000
70653 1.000000
70645 1.000000
70641 1.000000
70640 1.000000
70636 1.000000
70622 1.000000
70621 1.000000
70611 1.000000
70600 1.000000
70597 1.000000
70594 1.000000
70589 1.000000
70583 1.000000
70580 1.000000
70577 1.000000
70570 1.000000
70564 1.000000
70560 1.000000
70555 1.000000
70554 1.000000
70548 1.000000
70544 1.000000
70543 1.000000
70541 1.000000
70534 1.000000
70525 1.000000
70509 1.000000
70507 1.000000
70501 1.000000
70492 1.000000
70491 1.000000
70489 1.000000
70488 1.000000
70485 1.000000
70462 1.000000
70446 1.000000
70443 1.000000
70409 1.000000
70364 1.000000
70340 1.000000
70234 1.000000
70216 1.000000
70203 1.000000
70191 1.000000
70183 1.000000
70173 1.000000
70068 1.000000
69905 1.000000
69869 1.000000
69817 1.000000
69807 1.000000
69777 1.000000
69776 1.000000
69773 1.000000
69725 1.000000
69720 1.000000
69704 1.000000
69690 1.000000
69681 1.000000
69665 1.000000
69656 1.000000
69649 1.000000
69647 1.000000
69632 1.000000
69630 1.000000
69622 1.000000
69619 1.000000
69618 1.000000
69604 1.000000
69601 1.000000
69597 1.000000
69593 1.000000
69583 1.000000
69580 1.000000
69576 1.000000
69571 1.000000
69566 1.000000
69565 1.000000
69564 1.000000
69562 1.000000
69556 1.000000
69554 1.000000
69551 1.000000
69545 1.000000
69543 1.000000
69529 1.000000
69500 1.000000
69488 1.000000
69487 1.000000
69483 1.000000
69482 1.000000
69421 1.000000
69356 1.000000
69353 1.000000
69348 1.000000
69341 1.000000
69338 1.000000
69323 1.000000
69316 1.000000
69310 1.000000
69285 1.000000
69278 1.000000
69277 1.000000
69269 1.000000
69264 1.000000
69261 1.000000
69260 1.000000
69258 1.000000
69236 1.000000
69233 1.000000
69231 1.000000
69230 1.000000
69215 1.000000
69204 1.000000
69195 1.000000
69193 1.000000
69186 1.000000
69183 1.000000
69182 1.000000
69177 1.000000
69171 1.000000
69168 1.000000
69167 1.000000
69149 1.000000
69147 1.000000
69143 1.000000
69141 1.000000
69137 1.000000
69136 1.000000
69132 1.000000
69126 1.000000
69124 1.000000
69109 1.000000
69106 1.000000
69101 1.000000
69093 1.000000
69084 1.000000
69081 1.000000
69076 1.000000
69075 1.000000
69072 1.000000
69071 1.000000
69061 1.000000
69060 1.000000
69059 1.000000
69048 1.000000
69023 1.000000
69021 1.000000
69019 1.000000
69018 1.000000
69002 1.000000
68995 1.000000
68989 1.000000
68967 1.000000
68964 1.000000
68954 1.000000
68948 1.000000
68942 1.000000
68940 1.000000
68934 1.000000
68913 1.000000
68910 1.000000
68908 1.000000
68904 1.000000
68898 1.000000
68889 1.000000
68851 1.000000
68843 1.000000
68835 1.000000
68822 1.000000
68821 1.000000
68800 1.000000
68796 1.000000
68794 1.000000
68639 1.000000
68633 1.000000
68431 1.000000
68414 1.000000
68406 1.000000
68402 1.000000
68401 1.000000
68390 1.000000
68320 1.000000
68159 1.000000
68156 1.000000
68152 1.000000
68148 1.000000
68143 1.000000
68142 1.000000
68141 1.000000
68134 1.000000
68129 1.000000
68126 1.000000
68120 1.000000
68108 1.000000
68104 1.000000
68101 1.000000
68091 1.000000
68066 1.000000
68065 1.000000
68060 1.000000
67907 1.000000
67901 1.000000
67897 1.000000
67892 1.000000
67879 1.000000
67876 1.000000
67872 1.000000
67869 1.000000
67852 1.000000
67851 1.000000
67848 1.000000
67846 1.000000
67844 1.000000
67843 1.000000
67840 1.000000
67827 1.000000
67817 1.000000
67811 1.000000
67807 1.000000
67806 1.000000
67802 1.000000
67789 1.000000
67777 1.000000
67765 1.000000
67761 1.000000
67760 1.000000
67734 1.000000
67731 1.000000
67726 1.000000
67712 1.000000
67700 1.000000
67691 1.000000
67582 1.000000
67574 1.000000
67573 1.000000
67568 1.000000
67202 1.000000
67199 1.000000
67190 1.000000
67153 1.000000
67152 1.000000
67151 1.000000
67133 1.000000
67109 1.000000
67078 1.000000
67077 1.000000
67020 1.000000
67019 1.000000
67016 1.000000
66908 1.000000
66899 1.000000
66898 1.000000
66888 1.000000
66876 1.000000
66868 1.000000
66845 1.000000
66797 1.000000
66750 1.000000
66748 1.000000
66737 1.000000
66722 1.000000
66720 1.000000
66718 1.000000
66716 1.000000
66715 1.000000
66700 1.000000
66686 1.000000
66683 1.000000
66658 1.000000
66654 1.000000
66643 1.000000
66639 1.000000
66636 1.000000
66622 1.000000
66593 1.000000
66542 1.000000
66501 1.000000
66484 1.000000
66477 1.000000
66475 1.000000
66463 1.000000
66429 1.000000
66411 1.000000
66410 1.000000
66387 1.000000
66361 1.000000
66343 1.000000
66327 1.000000
66325 1.000000
66319 1.000000
66310 1.000000
66267 1.000000
66259 1.000000
66239 1.000000
66228 1.000000
66206 1.000000
66190 1.000000
66166 1.000000
66152 1.000000
66137 1.000000
66129 1.000000
66072 1.000000
66048 1.000000
66039 1.000000
66031 1.000000
65936 1.000000
65854 1.000000
65761 1.000000
65731 1.000000
65713 1.000000
65672 1.000000
65611 1.000000
65604 1.000000
65565 1.000000
65538 1.000000
65456 1.000000
65449 1.000000
65448 1.000000
65440 1.000000
65299 1.000000
64994 1.000000
64449 1.000000
64424 1.000000
64421 1.000000
64418 1.000000
64416 1.000000
64413 1.000000
64412 1.000000
64410 1.000000
64409 1.000000
64404 1.000000
64396 1.000000
64391 1.000000
64324 1.000000
64308 1.000000
64269 1.000000
64208 1.000000
64205 1.000000
64181 1.000000
64098 1.000000
64034 1.000000
63502 1.000000
61118 1.000000
59627 1.000000
59542 1.000000
52785 1.000000
52782 1.000000
52728 1.000000
52723 1.000000
52722 1.000000
52718 1.000000
52703 1.000000
52701 1.000000
52690 1.000000
52689 1.000000
52673 1.000000
52671 1.000000
52667 1.000000
52665 1.000000
52660 1.000000
52652 1.000000
52643 1.000000
52008 1.000000
51676 1.000000
51667 1.000000
51662 1.000000
50816 1.000000
48335 1.000000
44061 1.000000
40733 1.000000
39895 1.000000
39795 1.000000
25799 1.000000
23966 1.000000
23746 1.000000
23584 1.000000
23416 1.000000
22794 1.000000
22732 1.000000
22703 1.000000
22235 1.000000
22048 1.000000
21957 1.000000
21932 1.000000
21924 1.000000
21755 1.000000
20370 1.000000
20368 1.000000
16807 1.000000
14783 1.000000
14433 1.000000
12425 1.000000
12413 1.000000
12412 1.000000
12411 1.000000
12407 1.000000
12396 1.000000
12395 1.000000
12387 1.000000
12378 1.000000
12372 1.000000
12371 1.000000
12364 1.000000
12345 1.000000
12344 1.000000
12341 1.000000
12332 1.000000
12328 1.000000
11426 1.000000
10246 1.000000
10245 1.000000
10239 1.000000
69861 0.999699
69651 0.986716
69760 0.986595
69719 0.984374
69669 0.984374
70098 0.979577
69923 0.976618
70004 0.974892
69941 0.974707
69200 0.959766
69469 0.956458
69793 0.923768
69749 0.919569
69989 0.915290
70504 0.906682
69902 0.897906
70331 0.892522
70273 0.888621
70198 0.885937
69446 0.885937
69347 0.885937
69212 0.885937
70312 0.885937
70415 0.882572
70307 0.868304
69798 0.868304
69996 0.866828
69621 0.863790
70013 0.858395
70310 0.856697
69882 0.845756
70253 0.841399
69901 0.837778
70217 0.826875
69848 0.820348
70224 0.803730
70021 0.795587
69940 0.787500
69312 0.787500
69689 0.781753
70336 0.781097
70162 0.780302
70181 0.772212
69837 0.767813
69644 0.760932
69956 0.752819
69971 0.752819
68926 0.750000
69339 0.732912
70056 0.731003
70090 0.717714
70087 0.714286
70008 0.708750
70141 0.704797
70281 0.691571
70370 0.691032
69479 0.691032
70033 0.688332
70050 0.671836
69790 0.671836
69761 0.668869
69887 0.666667
69735 0.666667
69832 0.665815
70353 0.664375
69606 0.652227
70160 0.635158
69682 0.633418
70373 0.629737
70393 0.627979
70111 0.610623
69986 0.605124
70248 0.602902
70419 0.600467
69012 0.600000
69984 0.598228
70267 0.591537
70117 0.590625
70628 0.590625
70498 0.590625
70449 0.590625
69752 0.590625
69666 0.590625
69165 0.590625
69108 0.590625
68162 0.590625
67212 0.590625
67196 0.590625
66907 0.590625
66837 0.590625
66212 0.590625
70291 0.590625
70020 0.590625
69931 0.590625
69085 0.590625
69352 0.586435
70127 0.585067
70066 0.582867
70161 0.579307
69873 0.576521
69893 0.575860
70363 0.570699
69449 0.570699
70295 0.568009
69785 0.565410
69734 0.555813
69294 0.555813
70309 0.552063
70256 0.548518
70313 0.543301
70413 0.541547
70184 0.535436
70325 0.517798
69884 0.511775
69858 0.504952
69461 0.502707
70724 0.500000
70024 0.500000
69903 0.500000
69805 0.500000
69763 0.500000
69756 0.500000
69680 0.500000
69668 0.500000
69637 0.500000
69546 0.500000
69478 0.500000
69401 0.500000
69400 0.500000
69371 0.500000
69367 0.500000
69343 0.500000
69318 0.500000
69297 0.500000
69273 0.500000
69270 0.500000
69266 0.500000
69251 0.500000
69240 0.500000
69239 0.500000
69214 0.500000
69209 0.500000
69189 0.500000
69185 0.500000
69184 0.500000
68979 0.500000
68947 0.500000
67908 0.500000
67798 0.500000
66710 0.500000
66697 0.500000
66564 0.500000
66548 0.500000
66502 0.500000
70392 0.499468
70266 0.497190
70271 0.494554
69678 0.492187
69444 0.485723
70139 0.484640
69852 0.483289
70063 0.479883
69980 0.473392
70081 0.469198
69515 0.466294
69279 0.459375
70320 0.456559
69536 0.456559
69232 0.453341
70260 0.442968
69762 0.442968
70397 0.442535
70463 0.428349
70432 0.412915
70394 0.411502
69983 0.393906
69661 0.393750
70122 0.389069
70326 0.387856
69527 0.382454
69945 0.381447
70527 0.369124
70232 0.367156
69470 0.350577
70200 0.348112
70096 0.336560
69927 0.333333
69878 0.333333
69876 0.333333
69868 0.333333
69747 0.333333
69699 0.333333
69698 0.333333
69223 0.333333
69170 0.333333
69823 0.311582
70311 0.309686
70508 0.305963
69841 0.305963
69530 0.305963
69268 0.305963
69829 0.296369
69657 0.295312
69535 0.295312
68956 0.295312
70035 0.295312
70051 0.290300
69308 0.283871
70314 0.278772
70487 0.278490
69287 0.278490
70405 0.278246
70163 0.275895
70048 0.262254
70235 0.259652
70059 0.253125
69906 0.250000
69393 0.250000
69295 0.250000
67823 0.250000
69477 0.246797
70516 0.244771
69999 0.243679
69885 0.236250
69259 0.235952
69650 0.225226
69809 0.220669
70408 0.219743
69974 0.215819
69771 0.208867
69820 0.206458
69915 0.203976
69429 0.203976
69140 0.200000
69787 0.196875
69596 0.194704
69683 0.188351
69191 0.178486
70286 0.178047
69870 0.178047
70123 0.177214
69911 0.174836
69667 0.171044
70335 0.168750
69459 0.167094
70533 0.166533
70296 0.156651
69891 0.152982
68813 0.147656
67868 0.147656
69247 0.146609
70698 0.139245
70602 0.139245
69994 0.139245
69961 0.139245
69600 0.139245
69595 0.139245
69409 0.139245
69235 0.139245
69091 0.139245
67562 0.139245
70403 0.136805
70535 0.126769
70150 0.120414
70175 0.116037
69243 0.116037
70107 0.114699
69960 0.111279
70453 0.109456
70038 0.108200
69723 0.108200
70410 0.107855
70426 0.104434
70252 0.104434
70239 0.104434
69780 0.104434
68090 0.101988
69438 0.097471
69224 0.092830
69088 0.092830
68879 0.092830
67866 0.092830
70550 0.090167
69481 0.087028
69942 0.085018
69759 0.084375
69806 0.083547
70207 0.072134
70773 0.069622
70748 0.069622
70741 0.069622
70720 0.069622
70691 0.069622
70686 0.069622
70667 0.069622
70617 0.069622
70567 0.069622
70530 0.069622
70517 0.069622
70445 0.069622
70437 0.069622
70406 0.069622
69910 0.069622
69886 0.069622
69801 0.069622
69778 0.069622
69750 0.069622
69714 0.069622
69688 0.069622
69623 0.069622
69607 0.069622
69526 0.069622
69523 0.069622
69505 0.069622
69503 0.069622
69381 0.069622
69368 0.069622
69172 0.069622
69119 0.069622
69104 0.069622
69077 0.069622
69022 0.069622
69005 0.069622
68988 0.069622
68896 0.069622
68895 0.069622
68876 0.069622
68696 0.069622
68671 0.069622
68632 0.069622
68464 0.069622
68360 0.069622
68265 0.069622
68078 0.069622
67860 0.069622
67855 0.069622
67525 0.069622
67493 0.069622
67459 0.069622
67423 0.069622
67201 0.069622
67198 0.069622
67146 0.069622
67127 0.069622
67107 0.069622
67095 0.069622
67092 0.069622
67064 0.069622
66834 0.069622
66822 0.069622
66740 0.069622
66713 0.069622
66560 0.069622
66227 0.069622
59849 0.069622
52759 0.069622
52749 0.069622
51277 0.069622
43412 0.069622
41822 0.069622
40959 0.069622
40532 0.069622
37284 0.069622
22230 0.069622
12418 0.069622
10243 0.069622
70061 0.062546
70069 0.059676
70070 0.055698
70231 0.054100
70022 0.052217
69946 0.052217
69424 0.052217
69456 0.048674
69265 0.048089
70450 0.046415
69814 0.046415
69242 0.046415
70304 0.044618
69181 0.043514
70065 0.039784
69755 0.034811
69645 0.034811
69628 0.034811
69533 0.034811
69354 0.034811
69197 0.034811
69179 0.034811
69100 0.034811
67174 0.034811
67154 0.034811
66986 0.034811
66887 0.034811
66350 0.034811
66342 0.034811
66078 0.034811
69379 0.034410
69378 0.028853
67863 0.027849
69433 0.027050
69552 0.027041
70365 0.025762
70522 0.023207
69810 0.023207
69745 0.023207
69641 0.023207
69397 0.023207
69313 0.023207
69286 0.023207
69045 0.023207
70084 0.020887
70513 0.018033
69036 0.018033
70386 0.017406
69686 0.017406
69467 0.017406
69388 0.017406
69335 0.017406
69194 0.017406
69934 0.016225
70339 0.014427
69748 0.013924
69921 0.013118
69791 0.012022
70137 0.011599
70494 0.009017
69784 0.009017
69489 0.009017
70220 0.008162
69872 0.007213
69217 0.007213
69026 0.007213
0 0.000331
