68721 37664.896106
67215 13321.958312
66713 13001.035268
69474 12093.112764
68320 10856.492077
68312 10543.146254
68291 9473.869290
69184 8123.156378
68042 7851.055143
66909 7839.467775
68699 7387.446865
68714 5802.271835
68147 5652.180265
69169 5517.814966
67446 5427.190315
68354 5342.548132
68710 5090.272637
69157 4757.346522
68222 4579.272571
69074 4495.080629
68667 4431.692956
68339 4350.560380
67829 4248.438666
67196 4020.118290
68578 3906.612364
68313 3845.726441
68363 3615.952091
69211 3539.134231
68318 3336.602146
68228 3326.159066
68858 3313.681841
69119 3302.628956
68718 3246.977223
69175 3243.386592
69146 3237.802859
68340 3133.271911
68695 3055.579856
68301 3044.114168
68678 2956.035694
68825 2901.942316
68332 2880.335904
69181 2842.307011
67132 2839.711661
68267 2821.952812
68774 2722.363803
68199 2604.527190
68634 2590.189244
69117 2481.768561
68704 2442.791473
68207 2271.573113
68674 2225.772121
68739 2212.975295
68686 2208.132996
68851 2206.084552
69115 2165.783477
68676 2158.533295
68304 2110.032556
68038 2098.709103
68390 2077.246850
68675 2070.314689
69212 2067.906935
68326 2051.564430
68813 2025.070195
68856 2023.338154
69210 2005.453629
69170 2004.411943
68319 1980.018666
68694 1961.696473
68297 1936.112201
68018 1931.843867
66596 1900.219373
69163 1869.738441
68864 1835.749652
66888 1834.835512
68231 1806.325943
68219 1780.027365
68701 1778.803080
68110 1731.217635
68037 1723.129771
67988 1705.102191
68162 1662.335187
68636 1653.092828
68290 1646.529999
68198 1645.519566
67442 1625.227258
68020 1619.232032
68137 1618.451959
68033 1616.124805
68464 1615.911783
69142 1613.512390
68007 1586.472847
68330 1583.721914
69097 1561.542425
68244 1559.211831
69130 1555.869178
68385 1552.012767
68872 1539.229292
68210 1522.183562
69192 1509.205172
69200 1501.669261
69156 1481.388587
68034 1470.218602
69336 1452.513482
68286 1446.255510
67967 1429.998333
68684 1428.895031
68388 1426.754594
68683 1426.698070
68662 1418.865962
67811 1407.644467
68913 1401.705136
68371 1399.610135
68277 1388.032114
68639 1378.749747
68369 1377.852598
68317 1369.939842
68242 1353.014162
68602 1329.927656
68144 1329.540683
67209 1323.927291
68263 1322.639892
68565 1320.639362
68148 1299.082176
67562 1294.008163
69139 1287.909622
68265 1273.562493
69141 1271.627121
68567 1260.305204
68501 1259.517426
69187 1244.289529
68008 1242.067298
68036 1238.867372
68284 1225.530992
69206 1223.274971
68373 1216.508498
68691 1215.097224
66361 1204.684307
68374 1201.660383
68796 1199.871907
68337 1194.975192
69243 1178.549758
69174 1176.705270
68258 1170.318866
67901 1167.437327
68245 1161.131628
69183 1132.977628
68006 1130.667451
68035 1125.328124
68213 1121.444805
68205 1106.896559
69000 1106.837168
68165 1103.021921
68632 1087.132644
68696 1086.884384
68120 1077.047389
68660 1069.623505
69110 1063.195565
68579 1060.983423
68707 1059.491366
68203 1057.731133
69165 1049.803961
68316 1049.240753
68815 1048.914733
68311 1044.970530
68670 1042.283030
68668 1027.961636
68305 1022.146096
68202 1021.614450
68215 1021.154005
68030 1017.759312
69077 1017.212454
68360 1004.686944
68580 996.115034
69172 995.151408
69235 993.103576
68322 983.468583
68310 978.542551
68269 971.040057
68250 969.868612
68665 968.092608
68159 965.053086
68831 964.980736
67997 963.035792
68706 962.293789
68300 960.814759
68535 958.935522
67431 957.437037
69108 952.700535
68141 952.639425
67907 952.068969
69100 948.950952
68544 937.647724
68328 928.840040
67908 923.636136
68200 920.699971
69061 919.008059
67909 918.832836
68672 913.313948
67951 912.188696
67210 909.918601
68338 907.383683
67953 907.074754
69023 905.098763
69064 903.968389
69116 889.637133
68296 883.586547
68157 874.796921
68640 872.447843
68624 872.404464
69054 869.519533
69167 855.064100
68370 850.281608
68663 847.346717
68256 847.140471
68843 846.359654
68937 840.242179
67910 833.863312
68550 833.785383
68652 832.747815
67182 831.122252
69150 828.392207
69161 826.653346
67937 821.961487
68816 819.003962
69207 805.017246
67443 804.335019
68239 802.644296
69140 802.628950
67987 797.760240
68677 795.945752
68833 794.337300
67206 793.126577
68379 788.811239
67193 788.602221
69017 787.307082
68713 775.581509
68874 772.995287
67554 769.571377
68271 762.001887
68623 761.048185
69465 760.342885
68759 758.638696
67393 754.075231
68100 742.805762
69177 742.071906
68247 741.396294
68012 736.373178
68193 736.301970
68857 733.767368
68225 730.263389
68731 729.968780
68577 729.171131
69136 723.537028
68166 722.547422
67212 720.905058
67984 718.818602
68687 712.852923
68119 709.141693
68666 708.762412
69199 705.286691
67996 701.016573
68109 700.503663
67860 698.305868
68689 695.309807
69190 691.233206
69173 689.424992
68995 687.130084
68614 679.956395
67823 677.308944
69085 674.327898
67839 674.233981
68480 673.937756
68090 665.714605
69125 665.419024
68562 663.278212
68998 663.100945
68362 656.906252
69134 656.383613
69182 651.953245
68794 650.697161
68192 648.704383
68067 648.064288
68865 645.218435
69127 642.796237
68329 641.275712
67944 639.348524
69202 639.171003
67439 638.218418
67788 636.989444
67213 635.358545
68372 633.243909
68129 629.904828
67866 622.504220
68693 621.769317
68615 613.379952
67893 612.275369
68834 611.794841
68847 611.414194
68992 608.332114
67840 606.792151
66768 606.195993
69024 605.584998
68243 604.041312
67433 601.574017
68273 599.268027
69203 596.403759
68835 596.357259
66593 595.786192
67203 594.032658
68935 593.576886
67441 591.152297
68790 585.214037
67857 583.969071
68880 583.281178
69012 583.274827
68649 581.292444
67974 581.123419
68656 575.211598
68511 573.862475
68022 573.751521
68845 571.326234
67999 569.815463
69063 569.627236
69050 569.307962
67207 568.229425
69040 568.005866
68221 565.430921
68642 564.566996
67876 560.726418
68671 560.343305
68164 557.691840
67994 557.387963
68299 556.957141
68201 555.397999
67868 554.172708
68846 554.061185
68537 549.742289
68176 549.173039
68091 544.187204
66619 544.180466
67849 540.322404
68181 540.105396
67985 538.989448
68066 538.538695
67965 537.633856
68596 536.244459
68877 534.492105
67816 531.067737
68000 529.432922
68722 528.885975
68403 528.708879
68531 525.604076
68715 522.868319
67764 522.318911
68679 522.080361
68599 519.198281
68601 516.045726
69153 514.188495
68548 511.443180
68924 511.148725
68493 510.891679
68708 510.628600
67399 509.363686
69126 508.914821
67971 504.502492
68681 503.331057
68321 498.672641
67036 498.595975
68804 497.403116
69197 497.091181
67863 495.879493
66661 494.687738
69079 494.130839
68908 493.218031
68377 492.103871
68355 491.838242
69137 491.278621
69143 490.555373
67536 489.584702
68525 483.698016
66193 482.916500
68384 482.460032
68682 482.156930
68728 481.219653
69081 480.566377
68791 478.980148
68726 474.728768
68994 474.094635
68521 473.565307
68097 471.933034
68638 470.971926
68096 470.027694
66894 469.124096
67434 468.789046
68821 468.476943
68262 468.383986
68947 466.067449
69131 465.858463
68926 464.441623
68870 463.597242
68367 462.992961
67855 461.479013
69226 461.229777
69176 459.992387
69088 457.792710
68703 454.715762
68155 452.745142
68331 452.705251
68112 450.182469
66899 449.808817
68547 445.977108
68009 445.756782
68949 444.732498
68111 443.503328
67183 442.696860
67957 439.677168
67966 439.026349
67920 437.960464
67391 437.429531
69026 435.889166
67915 435.085547
68126 434.925928
68730 433.418194
68435 432.482602
67407 429.784529
68740 429.315336
68032 428.270397
69232 428.108227
67106 427.624006
67865 425.625456
68414 425.445075
68646 424.553680
68029 423.737430
68918 421.174673
67850 419.373811
68106 416.985136
67879 414.385145
67886 412.084811
68855 412.052643
68584 410.754753
68799 409.727204
69094 406.598783
66639 406.455630
68170 403.959248
68849 402.711858
68103 401.832775
69021 398.184340
68643 398.136764
68130 397.507277
68268 395.839030
69193 395.467857
67931 394.154711
68167 392.537486
67912 391.514635
68217 390.976872
68592 390.389825
68208 389.594639
67941 389.565316
68800 389.140733
68557 388.928985
68292 388.211503
68767 385.422243
68378 384.853915
67824 384.156727
68736 380.526158
66668 376.522196
69191 375.440786
69060 375.077573
68204 373.397650
69015 372.440859
68711 371.607596
68788 371.385359
67796 369.012813
67900 368.569014
68323 368.286448
68749 367.917895
68724 367.046028
69124 364.300912
68461 362.563538
69241 360.971206
68829 360.831058
67923 360.162907
67700 359.554592
68298 359.097052
68375 358.473306
69178 358.079329
68735 357.698319
68863 357.590946
67859 357.443041
68600 356.195226
67952 355.250236
68260 354.863819
69194 352.611924
68276 352.164930
69036 350.600949
67760 349.685926
68235 348.688541
69196 348.360358
67845 347.714160
68295 347.385973
67773 345.608230
67838 345.173499
68605 345.018413
68925 343.353579
68755 343.336704
68238 341.116486
68608 340.572256
68252 340.034268
68303 339.584931
67164 339.138055
67214 336.660479
68566 335.952331
68442 334.663253
68115 334.516749
69069 333.825399
69076 331.621838
68727 331.192439
67114 330.697842
67185 329.610041
68280 328.878149
68408 328.145976
68783 327.858627
68938 326.598369
68486 326.563016
68838 325.315294
67409 324.750931
69029 323.730347
66302 323.067423
67755 320.887271
68645 320.709625
67686 318.299067
68568 315.230085
68183 314.674531
67882 314.494728
68628 314.359245
69164 313.982002
68135 312.959112
68921 312.440528
67948 312.061253
68489 311.521578
68087 311.422563
67827 311.413508
68443 311.076030
68641 310.715214
68079 310.415229
69377 310.300910
68805 310.192264
66873 309.628381
67831 308.969516
67727 308.555206
68512 308.494369
68659 307.838244
66900 307.515288
69123 306.720839
67712 306.188248
68314 306.163522
67726 304.028140
69114 303.841548
68293 302.723403
68294 302.329956
68871 301.281214
68237 301.252622
68763 300.218053
68261 299.497969
68541 298.849460
68698 297.273538
67095 296.822294
69002 296.340043
68780 295.836827
68134 295.767881
68283 295.331151
68028 294.808260
68484 293.560913
68123 292.844520
67871 292.464911
69045 292.420846
69208 291.627221
66908 291.472052
68216 291.113283
68424 291.102460
68127 291.070743
67892 290.282068
68647 289.412856
69168 289.302524
67918 288.955924
69046 287.924362
68840 286.985621
66676 286.485079
67445 286.259674
68742 285.995517
69204 285.622454
68270 283.526835
68653 282.740992
67783 282.708397
68844 281.433764
67872 280.630493
68136 280.055553
69376 279.096922
68416 279.047026
68138 279.020606
68025 278.897355
66658 277.833830
68113 276.788853
66490 276.152011
67964 275.809231
66230 274.118470
68151 272.362407
67398 271.213759
69245 270.544985
68997 269.916885
68019 269.417105
68779 268.925780
68748 268.626314
68434 267.982893
68717 267.934475
68227 267.585788
69096 267.293406
68229 266.218497
67394 265.888894
66695 265.883063
67420 265.377621
68716 264.836324
67806 264.793674
69149 264.499826
67798 264.152593
68001 262.935899
67140 262.741009
68142 262.608298
69052 262.287511
69091 262.253282
68169 262.116670
67177 261.769703
68920 261.710877
68540 261.544523
68013 260.764138
68916 260.370952
67582 259.839469
68705 259.800484
69209 259.756241
68315 258.282046
68554 258.060914
68814 257.593538
68026 257.360918
67553 256.513225
67819 256.512753
66072 255.916647
67121 255.774378
67779 255.654082
68024 255.572901
68944 255.494601
68822 254.242654
68108 254.108802
68161 253.996181
67070 253.573014
69396 253.551494
68635 253.348410
68971 252.759188
68023 252.483591
66355 251.717325
68712 251.639528
68419 251.335369
69240 251.250122
67837 250.516950
68482 249.873472
66891 248.478980
69037 248.014700
68803 247.069347
68194 244.518260
69044 244.076401
68056 243.343783
68073 243.297990
68383 242.765386
67973 242.515303
67311 241.720093
67756 241.612297
66354 240.860713
67805 240.557977
68839 240.512344
67108 239.966680
68014 239.572703
66669 239.542973
68560 238.777910
69067 238.301744
68324 237.881206
69043 237.406691
67946 236.852852
67127 236.812140
67575 236.636553
69005 236.185881
67444 235.245552
69053 234.953371
68593 234.259204
68737 233.973689
67078 232.432441
68236 232.136916
67942 231.314287
66752 230.564755
69084 229.555189
68530 229.467921
69065 228.542011
66342 228.078559
68895 227.078663
67421 226.667188
68960 226.273384
67913 225.268484
68302 225.182055
66564 224.027135
66239 223.796933
68820 223.681494
68102 223.295280
68654 221.947910
69007 221.666667
68287 221.095477
67403 220.881813
67730 220.372449
67199 220.252586
67045 219.976272
67154 219.625067
68879 219.231244
68356 218.868434
67436 218.009801
68762 217.529449
67175 217.524891
68376 217.017901
69038 216.958624
68607 216.843885
68896 216.785113
68750 216.523569
68848 215.305234
68456 214.891457
67064 213.574929
67424 213.564391
68852 213.065951
69220 211.962994
68407 211.375870
66760 209.843294
69205 209.333376
68725 209.250857
68451 208.967799
68508 208.787186
68873 207.938237
68447 207.615345
67358 207.063164
69102 207.030702
68878 206.500282
69445 205.811388
67875 205.142360
68776 203.314429
67968 202.914599
66748 202.589394
68281 201.949946
68746 201.936105
68975 201.470351
67810 201.247741
69242 201.110166
66907 200.046947
67861 199.743545
67131 199.122105
69121 199.047621
68248 199.036279
69496 198.818424
67681 198.291990
67898 197.828964
67428 197.080264
68979 196.912225
67832 196.808831
68769 196.738448
68957 196.179859
68986 195.073983
68826 194.142729
68930 193.859728
67896 192.923861
69135 192.425144
67812 191.579647
67101 190.935742
68967 190.770657
67046 190.355339
68797 190.354658
68062 190.051336
68889 189.889179
69058 189.642773
67184 189.531456
67867 188.863827
68611 186.924634
67729 186.539271
66240 186.283531
68529 185.955525
68892 185.608249
68573 185.546197
68888 185.542645
68094 185.345071
69162 185.217565
68494 184.717197
69128 183.123421
68934 183.018062
68900 182.552180
68158 182.397352
66887 182.036301
69057 182.010782
67848 181.568169
67791 181.221312
67584 180.676475
69071 180.517044
68121 180.480624
67162 180.207346
67201 179.925182
67959 179.427571
67169 178.343030
69104 178.042792
67092 178.020893
68792 176.432377
68069 176.348568
68753 176.017536
68520 175.933650
68961 175.683803
66828 175.331325
67086 174.778085
68010 174.052687
68940 173.909836
68072 173.784847
69159 173.446994
67835 173.351608
68893 173.270271
69042 173.265174
68988 172.767504
68629 172.606913
66210 171.640599
68604 171.604647
67390 170.955196
67073 170.916431
67734 169.880049
68257 169.642280
67565 169.519069
67260 169.328088
69451 169.315880
68747 167.536256
67112 166.697345
68241 166.512780
67938 166.477191
68886 166.337104
66884 166.232700
67836 165.692771
67378 164.305117
68515 162.420642
67150 162.405392
68828 162.105748
68626 161.873317
67880 161.434446
68485 160.701712
69013 160.568914
68230 160.386330
68545 160.210174
67897 159.825740
67825 159.676778
67903 159.478887
69120 159.256725
67107 159.099048
67932 159.091211
67423 159.045042
68906 158.615532
67914 158.577879
67432 157.912229
67176 157.896959
67781 157.556857
68487 157.357915
69415 157.356407
67851 157.311151
67397 157.274164
69414 157.216685
67204 157.047600
68867 156.826524
68597 156.180033
68885 156.143469
66854 156.098371
66647 155.681939
68453 155.394030
67001 154.581162
68342 154.442896
67119 153.797121
68734 153.731299
67991 153.165864
68333 153.160690
68598 152.596238
67115 152.391762
68070 151.738996
68990 151.594655
67332 151.302730
67410 151.073831
69041 150.855247
68469 150.463726
66694 150.369648
68471 149.561255
69229 149.157696
66780 148.959612
68174 148.703571
68358 148.611942
68954 148.223787
69459 147.939360
67174 147.642365
68612 147.458139
67400 147.154055
67802 146.883045
67799 146.225536
69019 146.128907
67728 146.065531
67950 146.039285
67993 146.014657
69152 145.827629
66397 144.962426
69034 144.775730
69035 144.627765
67794 144.543195
68933 144.513201
67877 144.399103
66903 144.334569
68004 144.130179
67830 144.015191
68538 142.200117
68754 142.102715
68555 141.928773
68587 141.744612
69106 141.641667
66590 141.440051
66503 141.297452
68058 141.196997
67688 140.981458
67846 140.741427
67521 140.568542
69099 140.232106
69047 139.852109
67705 139.621754
68625 139.550830
67165 139.142756
69016 138.948490
66885 137.944205
67763 137.642753
68650 137.396563
68380 137.360292
65936 137.335177
68621 137.173615
68152 136.748845
68891 136.683022
68914 136.589536
68648 136.584571
67156 136.322188
68609 136.317537
67769 136.284422
68343 136.206856
69237 135.987158
67883 135.389524
67496 135.378282
67063 134.943104
69294 134.870584
68912 134.681929
68465 134.087762
68669 133.668232
68240 133.590690
66697 133.203863
67995 133.133020
67098 133.069802
67714 132.503170
68455 132.164913
66129 132.144983
68143 131.940706
68509 131.927618
67564 131.697975
67885 131.650278
68532 131.010836
68758 130.512191
67061 130.070200
68823 129.656495
69160 129.146112
67268 129.099019
67758 128.989860
68441 128.921077
67936 128.793046
69189 128.325177
68005 128.284676
69004 127.921805
66501 127.650955
67401 127.634786
69381 127.296326
68309 126.989944
66256 126.441127
68064 125.948857
67844 125.606387
68492 125.507780
67133 125.385164
68966 125.362877
68651 124.246469
68588 124.206873
68186 124.134362
68382 123.917370
67155 123.785687
67852 123.365700
67691 123.353802
69055 122.846564
66051 122.491576
67138 122.297213
68021 122.155046
66143 122.048382
68760 121.708554
67386 121.438372
67717 121.212742
68576 120.793791
68582 120.617957
68904 120.583135
68923 120.261496
68766 119.895111
69048 119.436303
68368 119.224738
68214 119.163044
68894 119.000001
67929 118.830590
68160 118.780402
67330 118.525017
67801 118.454172
67186 118.356586
66715 118.194059
67314 118.142136
69075 118.141558
69006 117.980644
68454 117.791474
67335 117.648948
68187 117.541773
68285 117.242184
68065 117.017384
68122 116.946362
68782 116.838935
69466 116.626511
68114 116.199744
68406 116.014530
67874 115.973835
67821 115.929478
66220 115.064721
69033 114.774590
69051 114.679474
66463 114.421316
69435 114.394079
68118 114.371180
68011 114.000605
68551 113.585013
66636 113.513465
67355 113.137583
67842 112.975149
67103 112.855156
67583 112.735415
10237 112.549311
68569 112.464337
69268 112.455447
68478 112.410321
68907 111.980789
68898 111.708214
68941 111.251556
67899 111.093348
67346 110.914856
67198 110.872595
68071 110.647224
67250 110.426038
68474 110.120856
66763 109.452061
68125 108.858647
69145 108.719805
68089 108.135421
69248 108.099338
69011 108.025142
69324 107.878980
68939 107.725343
68890 107.616342
66641 107.584448
67777 107.025524
68139 106.861729
68357 106.701235
66514 106.277510
67804 106.143948
68179 105.796121
67094 105.761879
69221 105.614034
68575 105.181937
66796 104.966765
67789 104.925281
68902 104.912611
68253 104.876968
66866 104.863328
69487 104.774880
67572 104.635038
67368 104.031289
68850 103.958827
68279 103.949395
67190 103.940322
69072 103.910223
69287 103.611942
67168 103.568446
69444 103.509054
68729 103.416954
66906 103.407220
69008 103.313048
69101 103.295480
67780 103.242692
68191 103.177912
68088 102.956772
67414 102.490426
66902 102.480815
67392 102.304902
69154 101.988882
68361 101.976247
67357 101.625232
69464 101.518397
66502 101.397131
68251 101.318980
67253 101.281602
68866 101.093003
68785 100.767623
68970 100.734923
68498 100.710693
67074 100.575495
68664 100.271205
68539 100.230980
67992 99.952502
67152 99.899079
68549 99.884966
67172 99.774306
66872 99.424854
67100 99.373407
68479 99.314359
67902 98.823231
67146 98.598435
67884 98.559443
68910 98.110314
66898 97.716285
67546 97.650440
67071 97.621177
68613 97.538289
68132 97.360722
66059 97.240545
68220 96.816137
66882 96.459723
69476 96.349303
67858 96.258513
69078 96.156809
68563 95.975974
69500 95.819904
68074 95.817607
68426 95.656264
66648 95.644470
68556 95.632085
68101 95.520743
67051 95.467893
68440 95.434720
67820 95.394887
67939 95.376097
68952 95.224526
68956 94.822360
67081 94.639823
69179 94.595085
67123 94.571604
69018 94.560705
68172 94.329207
67084 94.103439
67369 93.572276
68359 93.523334
68658 92.731879
68209 92.433971
69122 92.358163
69225 92.281967
68617 92.021163
68468 91.862072
68787 91.723221
67759 91.385912
68264 91.335319
69370 91.329897
68919 91.275379
67153 90.816767
68506 90.647984
66227 90.337794
68836 90.320508
68308 90.276456
68999 89.732146
69089 89.555952
67195 89.410866
68972 89.008378
67109 88.869185
66998 88.216882
67167 88.120557
69231 87.837068
68603 87.751202
68420 87.698319
67416 87.692175
69070 87.552759
68145 87.453081
67085 87.450045
67527 87.391576
68397 87.262719
66217 87.150456
66579 87.099955
66224 86.741033
67771 86.345211
68673 86.296340
66666 86.142136
67058 85.905449
67817 85.713707
69022 85.035198
68733 84.845352
68156 84.800547
68140 84.658644
67402 84.546805
68505 84.260037
67940 84.255979
69432 84.218509
65906 84.166149
68517 83.779672
68462 83.756557
69198 83.628655
69098 83.506929
67928 83.379893
67856 82.934485
66682 82.574229
67689 82.363687
69003 82.121189
67099 82.111752
69068 81.549343
67329 81.544445
68899 81.065173
67955 80.941895
68931 80.755300
66312 80.597082
67435 80.524791
67474 80.320508
22850 80.320508
68458 80.285398
69460 80.247449
67834 79.992131
69249 79.909445
68630 79.861567
67406 79.665196
69227 79.376390
67843 79.296556
67323 79.213203
67956 79.186892
66606 78.979669
69501 78.913915
68553 78.754613
68909 78.720408
67285 78.371215
69484 78.369906
65831 77.912349
67202 77.719051
66737 77.694995
68514 77.527602
66406 77.520339
67405 77.375829
67559 77.339560
67864 77.319460
67722 77.067212
67711 76.896391
67370 76.617937
68618 76.612786
68765 76.554801
69171 76.551565
67166 76.508238
67125 76.496705
69475 76.056719
66659 75.907150
68083 75.699824
68809 75.454235
67732 75.218664
68559 74.978477
66195 74.819805
68915 74.756455
68590 74.476594
69186 74.470667
66683 74.357471
68806 74.241818
67765 74.199830
69185 73.958846
67270 73.937679
68983 73.555539
66860 73.291182
68928 73.098018
67413 72.768493
67142 72.748912
68777 72.662343
66202 72.436951
68099 72.125125
67906 72.120015
66825 71.639610
67372 71.582218
68709 71.507270
66729 71.448786
69429 71.421469
67124 71.384443
67375 71.354305
69082 71.317478
66060 70.571861
66856 70.557329
66984 70.500000
66313 70.364378
67869 70.338482
67360 70.176768
67934 70.026960
68177 69.323358
67888 69.268892
66671 69.213203
69427 69.025173
67437 68.937059
69471 68.880696
66425 68.737084
68950 68.698819
67087 68.437827
68490 68.367889
69506 68.315789
66209 68.186801
68738 68.131093
66267 67.719613
66710 67.678063
69392 67.676231
68394 67.671893
69420 67.629088
69337 67.522670
67035 67.201351
68483 66.981679
67427 66.888229
68853 66.874315
66147 66.707134
69073 66.560074
68764 66.542108
68942 66.505960
69059 66.390715
69350 66.292533
68402 66.166522
68771 65.891526
67122 65.882829
69455 65.854050
67969 65.706390
68410 65.606288
68131 65.579978
66343 65.392850
68927 65.233811
67091 65.148688
68884 65.126244
67181 65.063857
68761 64.981463
67970 64.957898
66686 64.837852
67157 64.830359
66791 64.819805
69105 64.758086
67854 64.317662
68533 64.272749
69148 64.026706
67072 63.815171
66384 63.736916
68720 63.696802
66897 63.616991
68526 63.327374
66228 62.799510
65595 62.746915
67117 62.525829
66725 62.040087
67828 62.001189
68522 61.617280
69093 61.558380
66093 61.416408
68882 61.386859
68973 60.800433
69353 60.753480
67947 60.657711
66643 60.394963
69155 60.393501
69382 60.364303
68984 60.224391
68586 60.149239
69118 59.818880
66716 59.782860
68756 59.681012
69027 59.571273
66986 59.528850
67148 59.528798
67324 59.358161
69230 59.079426
67429 59.068601
66618 59.054559
69289 58.866576
66712 58.842815
66875 58.841600
69158 58.829913
68133 58.734452
67082 58.493295
67870 58.427016
68610 58.405070
66226 58.376281
66100 58.186801
68415 57.985770
66678 57.672805
68581 57.669036
67709 57.426199
69502 57.153677
69438 57.009503
69244 56.830082
69001 56.698591
67425 56.620608
67761 55.782926
68936 55.769419
67826 55.737469
67558 55.703428
67695 55.683669
67062 55.680876
67003 55.602126
69195 55.052790
67020 55.035534
68057 54.995389
66740 54.881668
68528 54.746694
66548 54.644090
66350 54.541613
67716 54.233590
66982 53.751146
66191 53.746910
67772 53.534019
69086 53.525637
68391 53.502299
67187 53.480110
67049 53.215883
66560 52.855971
69349 52.645758
67767 52.635058
67733 52.489909
67721 52.303884
67055 52.077541
67574 52.052857
67171 52.019972
68832 52.000000
66197 52.000000
66169 52.000000
63448 52.000000
66127 51.973597
66061 51.922170
69366 51.888436
68974 51.804810
68741 51.776757
66429 51.756126
69112 51.714782
67419 51.631145
66723 51.308965
66750 51.182746
65821 50.903632
68801 50.848390
69480 50.800932
66670 50.734956
68911 50.720052
69239 50.589131
66878 50.478050
69215 50.345022
68189 50.236356
68272 50.211756
67354 50.111620
67567 49.980095
66237 49.770119
68869 49.701116
66614 49.600928
66484 49.543406
66119 49.362473
68812 49.235228
67525 49.071068
66905 49.059098
69201 49.030609
67232 48.739353
67097 48.724029
69265 48.620621
66868 48.548252
68989 48.378291
66863 48.372515
69138 47.857484
66769 47.629611
67723 47.522464
69360 47.444227
68463 47.371242
67364 47.231406
69255 47.088560
67143 47.019145
65973 46.959704
67266 46.919548
67180 46.848050
68178 46.837012
69470 46.767854
68401 46.636124
67766 46.585525
68784 46.575165
69223 46.360985
67690 46.360239
66602 46.326780
69109 46.282885
68173 46.142136
66622 46.142136
69357 46.067217
69399 45.927110
67570 45.797438
69385 45.650630
67341 45.603671
66206 45.549155
69293 45.536878
67813 45.442482
68745 45.392798
68948 44.674393
67151 44.662150
68449 44.525193
66050 44.500000
68475 44.333656
68773 43.789169
69463 43.779687
66877 43.762046
67158 43.730686
66834 43.677670
66735 43.643121
7269 43.547005
67030 43.213203
69481 43.195418
66327 43.041276
67054 42.593596
69282 42.526149
67093 42.432181
68542 42.366289
68589 42.303348
67555 42.000000
67507 42.000000
67487 42.000000
67463 42.000000
66421 42.000000
66294 42.000000
66212 42.000000
66184 42.000000
65943 42.000000
66762 41.915638
66179 41.915638
66584 41.676906
68093 41.338678
68081 41.318779
68943 41.303519
66031 41.174437
68627 41.145049
68063 41.137403
68644 41.134619
68789 41.111303
66161 41.028887
68752 40.769054
66136 40.618073
69014 40.313923
66979 40.164966
67986 40.121895
68405 39.964014
67710 39.944162
68991 39.927215
66251 39.909903
67945 39.864481
67000 39.856042
67963 39.777986
68519 39.735349
67438 39.700240
65822 39.690429
69132 39.563120
68692 39.559289
66114 39.525735
66259 39.480970
67384 39.400766
68516 39.330383
66334 38.963185
66570 38.955045
66498 38.840146
67793 38.634727
68078 38.634009
68467 38.616033
67226 38.324555
67960 38.236278
69428 38.201802
22142 38.019141
66137 37.773503
66865 37.682758
66205 37.628934
68445 37.611915
69238 37.453450
67141 37.372764
66353 37.345225
67281 37.298537
68818 37.290392
69283 37.203584
67102 37.118692
67259 37.012982
67578 36.933097
66465 36.904366
68987 36.891636
67326 36.885529
68534 36.790423
68793 36.787326
68068 36.778859
68606 36.722734
67807 36.665351
69257 36.620505
68827 36.398976
68616 36.142136
67529 36.142136
67278 36.142136
67040 36.142136
66831 36.142136
66624 36.142136
66359 36.142136
66275 36.142136
66135 36.142136
69395 36.137395
67573 35.673995
69284 35.670867
66612 35.610401
68080 35.494573
67775 35.423734
66901 35.382062
68431 35.371782
67038 35.347586
68772 35.248317
67881 35.219068
67033 35.015113
67008 35.015113
69453 34.874425
66186 34.823575
68427 34.803566
67694 34.725547
66601 34.517919
69315 34.387622
68105 34.329386
66432 34.247449
66550 34.194905
68223 34.146544
69456 34.089387
68881 33.999445
68929 33.796045
66644 33.690309
69358 33.649874
67797 33.588335
66445 33.557491
67481 33.547005
66387 33.517552
68876 33.407112
68502 33.375608
68786 33.340059
68757 33.100593
67782 33.057336
66869 32.987984
68396 32.971984
69224 32.938928
66820 32.884614
66521 32.750402
69083 32.716524
68084 32.685709
65849 32.671186
68543 32.558006
67426 32.521606
66702 32.384905
68953 32.339975
66786 32.231041
67395 32.172352
67042 32.000000
66415 32.000000
68503 31.989238
68495 31.814303
68095 31.751849
68905 31.746139
66486 31.614210
67719 31.487360
67349 31.437331
66883 31.424911
69339 31.349392
66351 31.327056
68496 31.251622
66011 31.224675
66892 31.216235
68086 31.052135
42679 31.017931
67925 31.005489
66667 30.944272
66345 30.838835
66344 30.838835
68768 30.771408
66157 30.612216
69233 30.572746
68104 30.378237
66242 30.338256
66434 30.284271
68190 30.181375
67350 30.123475
66176 29.983298
66741 29.800235
69394 29.623962
67379 29.602773
66665 29.559289
68951 29.559289
66526 29.559289
25658 29.559289
69188 29.535534
67718 29.451516
69247 29.399421
66776 29.370406
65799 29.348867
65734 29.320508
67387 29.311965
69495 29.255807
66744 29.229475
69504 29.185436
69280 29.071068
69364 28.918446
43083 28.886751
69425 28.724057
67895 28.599278
66797 28.455585
68395 28.404401
67359 28.344617
66391 28.324555
66207 28.324555
67328 28.228982
67388 28.136387
66720 28.117907
67814 28.032144
69375 28.028171
68425 27.983304
68439 27.813857
67090 27.780739
66464 27.773503
67724 27.759020
68491 27.690556
67014 27.689141
66633 27.689141
66598 27.689141
66175 27.689141
55447 27.689141
66730 27.576039
69368 27.571998
66068 27.496272
66475 27.475456
66288 27.255209
69273 27.234933
68798 27.084582
66765 27.046653
67292 26.942629
67194 26.787701
68637 26.746628
66542 26.669712
69492 26.654971
67135 26.647063
69402 26.611826
68981 26.609691
69447 26.588315
69483 26.588315
66613 26.588315
67683 26.584723
67768 26.461888
69397 26.418554
69406 26.402342
66880 26.255938
66271 26.142136
12328 26.082483
66861 26.031717
68393 26.023131
69251 26.000000
67356 25.998159
67060 25.978752
66784 25.957819
67163 25.896047
67296 25.755636
67704 25.742495
65815 25.651484
68661 25.648726
66454 25.628541
67556 25.574629
67347 25.123475
66077 25.086408
67192 25.083027
69468 25.075890
67687 25.033745
67685 25.033745
10530 24.948839
69323 24.886751
66734 24.760848
69147 24.651211
66063 24.649065
67482 24.581989
68392 24.501857
68963 24.439718
66845 24.427904
68457 24.369411
43352 24.250176
69433 24.208631
69218 24.156655
68723 24.156655
68619 24.132007
67248 24.124269
67430 24.106337
66405 23.997649
69340 23.971133
68932 23.925706
66402 23.860547
68969 23.825742
66832 23.782379
67682 23.771184
67145 23.714290
66534 23.690309
69363 23.660059
66037 23.503561
66338 23.500000
66115 23.424078
67208 23.362031
67136 23.357383
69389 23.321637
68965 23.321637
69253 23.321637
66858 23.261051
66794 23.213203
66086 23.200062
66198 23.181645
67725 23.030227
68524 22.975115
66722 22.832444
66822 22.808896
66652 22.808802
67561 22.750563
68400 22.676843
69087 22.259882
66459 22.236034
67077 22.183279
66229 22.149128
69103 22.092870
69166 22.079053
66605 21.915638
69312 21.748915
69031 21.596874
66700 21.575968
68466 21.568200
66847 21.487360
65775 21.487360
67353 21.457903
68917 21.385031
69472 21.379941
69250 21.295105
68868 21.271642
69461 21.156644
67500 21.000000
67302 21.000000
67016 21.000000
66761 21.000000
66654 21.000000
66448 21.000000
64159 21.000000
64063 21.000000
68149 20.982904
67079 20.961850
66324 20.944272
66004 20.803717
69493 20.797106
67316 20.677314
66383 20.670798
69263 20.659983
67293 20.599808
66592 20.511237
66171 20.213672
66235 20.164966
66757 19.871561
66747 19.584445
69365 19.577576
67047 19.572107
67037 19.572107
67319 19.526635
67029 19.522753
67343 19.443982
66764 19.414579
66089 19.395600
68196 19.348138
66048 19.168047
66992 19.157249
66890 19.156005
69426 19.071068
67271 19.071068
66806 19.071068
66424 19.071068
68620 18.931043
67339 18.916617
69219 18.912137
67105 18.841642
67958 18.827601
66057 18.791200
65987 18.791200
65559 18.791200
68594 18.784343
66696 18.772848
68903 18.739015
66675 18.690309
66672 18.547005
66211 18.503561
66638 18.485066
69405 18.400337
67703 18.394350
43280 18.392311
69254 18.330127
69497 18.327485
69467 18.324555
66388 18.324555
69436 18.324555
66687 18.135320
68510 18.071068
67313 18.071068
66164 18.071068
69010 17.990147
69441 17.976719
66519 17.832444
66699 17.811020
66881 17.763299
66236 17.724255
67225 17.655631
67699 17.655288
66755 17.594336
68060 17.545322
65974 17.540945
69404 17.404120
68743 17.345225
68552 17.278153
67279 17.268827
69356 17.229905
68841 17.216172
66481 17.137673
66315 17.121742
69009 17.035422
68901 16.975223
66436 16.974499
69278 16.927622
69412 16.880339
69411 16.773503
67348 16.773503
66551 16.773503
66249 16.773503
65999 16.773503
66078 16.732909
67720 16.705422
67571 16.529500
69458 16.486603
68436 16.348707
69259 16.348068
66144 16.347566
68897 16.199692
67548 16.184386
68050 16.170288
12335 16.082483
12332 16.082483
66978 16.031181
67052 16.000000
66607 16.000000
66062 16.000000
67731 15.995042
68985 15.988249
66180 15.976993
67272 15.886751
66376 15.883845
65963 15.883845
67576 15.877616
68751 15.779666
67283 15.755636
66690 15.752658
66012 15.704567
69401 15.643073
66414 15.533128
65754 15.500000
67274 15.472136
10257 15.472136
69039 15.453644
68976 15.442819
69393 15.436307
67577 15.397563
66381 15.395623
67050 15.380617
69446 15.333333
69129 15.316454
69387 15.291152
66357 15.258858
68349 15.258798
66753 15.237314
66840 15.207735
66450 15.185536
66802 15.142136
66801 15.129404
54932 15.082483
68633 14.997089
68982 14.995719
68398 14.975907
68003 14.943758
67563 14.869699
69439 14.868643
69292 14.868643
69260 14.868643
69092 14.808671
66117 14.800560
66116 14.800560
66280 14.779645
69457 14.753280
65495 14.696894
66431 14.671135
68044 14.581989
66314 14.562761
66808 14.535534
66781 14.535534
66332 14.535534
69236 14.484466
69222 14.383508
68351 14.333333
66553 14.333333
65456 14.333333
67320 14.162278
66277 14.162278
68546 14.089614
65842 14.074051
66468 14.068663
66838 14.035534
67083 14.015113
66783 14.011892
66416 13.886751
67256 13.844571
66575 13.844571
66306 13.844571
65878 13.844571
63399 13.844571
67118 13.832484
66167 13.744832
69503 13.683455
66876 13.615300
68527 13.614150
66282 13.559947
66707 13.543755
69107 13.519231
67706 13.449971
66270 13.438269
65819 13.425356
69423 13.387883
65725 13.375452
69056 13.370605
66800 13.357023
69486 13.321637
69477 13.321637
69417 13.321637
67178 13.287510
69478 13.254981
66110 13.254981
69351 13.177623
69380 13.153551
69379 13.153551
66879 13.136667
66563 13.118016
66846 13.071068
65951 13.071068
65901 13.071068
69407 13.041241
67818 13.023141
67803 13.007324
66844 13.000000
66528 13.000000
69450 12.912870
69489 12.898553
66766 12.870347
66837 12.846618
65835 12.825742
65827 12.825742
66487 12.767767
66466 12.767767
66427 12.767767
66348 12.767767
68964 12.763252
65927 12.752553
68854 12.726075
65859 12.722552
10544 12.714986
69421 12.666667
69316 12.643990
67134 12.619132
67754 12.582319
69217 12.553442
69261 12.547566
69113 12.507557
10527 12.474420
66025 12.400280
66080 12.359850
66015 12.324532
67340 12.261334
68211 12.202201
67161 12.202040
66349 12.109019
67317 12.104315
67365 12.088981
66213 11.886750
69430 11.881243
66651 11.845154
66203 11.775578
66219 11.703343
68497 11.700825
67566 11.685525
68977 11.660819
66150 11.606602
64931 11.606602
66246 11.543400
66771 11.404401
66640 11.383883
69286 11.379717
69431 11.343431
69416 11.279698
67367 11.271602
67290 11.271602
66392 11.233345
68518 11.227723
68958 11.208241
66453 11.153356
69216 11.122184
69510 11.000000
69498 11.000000
69390 11.000000
69304 11.000000
69279 11.000000
69266 11.000000
69262 11.000000
69258 11.000000
69151 11.000000
68993 11.000000
68732 11.000000
68450 11.000000
68051 11.000000
68043 11.000000
67550 11.000000
67533 11.000000
67523 11.000000
67522 11.000000
67504 11.000000
67499 11.000000
67497 11.000000
67478 11.000000
67462 11.000000
67460 11.000000
67448 11.000000
67381 11.000000
67277 11.000000
67255 11.000000
67200 11.000000
67076 11.000000
67056 11.000000
67031 11.000000
67011 11.000000
66987 11.000000
66788 11.000000
66726 11.000000
66717 11.000000
66692 11.000000
66663 11.000000
66621 11.000000
66617 11.000000
66600 11.000000
66589 11.000000
66580 11.000000
66566 11.000000
66527 11.000000
66512 11.000000
66510 11.000000
66372 11.000000
66360 11.000000
66233 11.000000
66221 11.000000
66204 11.000000
66194 11.000000
66174 11.000000
66173 11.000000
66165 11.000000
66133 11.000000
66106 11.000000
66047 11.000000
66035 11.000000
66024 11.000000
66023 11.000000
65970 11.000000
65953 11.000000
65947 11.000000
65780 11.000000
65765 11.000000
65743 11.000000
65705 11.000000
65664 11.000000
65504 11.000000
65491 11.000000
65469 11.000000
65378 11.000000
65351 11.000000
65252 11.000000
65222 11.000000
65194 11.000000
65145 11.000000
64980 11.000000
64952 11.000000
64886 11.000000
64678 11.000000
64645 11.000000
64509 11.000000
64390 11.000000
64279 11.000000
64058 11.000000
63944 11.000000
63567 11.000000
63500 11.000000
62579 11.000000
62485 11.000000
62449 11.000000
62414 11.000000
62368 11.000000
61978 11.000000
61976 11.000000
61862 11.000000
61629 11.000000
61623 11.000000
61469 11.000000
61459 11.000000
61385 11.000000
60455 11.000000
60401 11.000000
60371 11.000000
60232 11.000000
60003 11.000000
59001 11.000000
58478 11.000000
58470 11.000000
57232 11.000000
57092 11.000000
56907 11.000000
56768 11.000000
56123 11.000000
56112 11.000000
55947 11.000000
55814 11.000000
55202 11.000000
55019 11.000000
54584 11.000000
53805 11.000000
53646 11.000000
52992 11.000000
52513 11.000000
52276 11.000000
52228 11.000000
51918 11.000000
51734 11.000000
51680 11.000000
51597 11.000000
51594 11.000000
51045 11.000000
50996 11.000000
50918 11.000000
50195 11.000000
49811 11.000000
49412 11.000000
48372 11.000000
47335 11.000000
46738 11.000000
46630 11.000000
46316 11.000000
44151 11.000000
43757 11.000000
43646 11.000000
43527 11.000000
43509 11.000000
43490 11.000000
43468 11.000000
43383 11.000000
43330 11.000000
43268 11.000000
43078 11.000000
43004 11.000000
42035 11.000000
42030 11.000000
41579 11.000000
41135 11.000000
40313 11.000000
39404 11.000000
37015 11.000000
36336 11.000000
35598 11.000000
34114 11.000000
32727 11.000000
32170 11.000000
31861 11.000000
31075 11.000000
29344 11.000000
29293 11.000000
29165 11.000000
29100 11.000000
28948 11.000000
28116 11.000000
27870 11.000000
26315 11.000000
26160 11.000000
25073 11.000000
24880 11.000000
24472 11.000000
24108 11.000000
24093 11.000000
23547 11.000000
20383 11.000000
20324 11.000000
19047 11.000000
18937 11.000000
18719 11.000000
18318 11.000000
17422 11.000000
17266 11.000000
17081 11.000000
16455 11.000000
16332 11.000000
14193 11.000000
14136 11.000000
14088 11.000000
12691 11.000000
12508 11.000000
12330 11.000000
12249 11.000000
11747 11.000000
10751 11.000000
10740 11.000000
10452 11.000000
10444 11.000000
10433 11.000000
10384 11.000000
10339 11.000000
10302 11.000000
10247 11.000000
10244 11.000000
10108 11.000000
10072 11.000000
10027 11.000000
10000 11.000000
67774 10.994617
66320 10.925356
69322 10.855986
66385 10.855986
69342 10.834982
67345 10.813394
68824 10.792830
69388 10.773128
68778 10.768914
67707 10.702201
69281 10.660254
66085 10.571068
68808 10.534052
67217 10.533186
67265 10.500000
69361 10.484825
69214 10.476156
68448 10.433572
69434 10.365225
66714 10.365225
66708 10.365225
67569 10.322060
66222 10.311410
66088 10.309037
66864 10.249433
66693 10.182613
69133 10.166762
69355 10.164966
65816 10.123620
0 10.020000
69488 9.993673
66859 9.976007
65582 9.935780
69321 9.930158
69473 9.921648
66331 9.919417
66818 9.788614
69319 9.755632
68423 9.748272
29072 9.693282
69384 9.655187
68476 9.647886
69469 9.646193
66214 9.547004
68795 9.535534
66253 9.535534
65223 9.535534
66983 9.500000
66746 9.458111
66111 9.443376
69369 9.415816
69320 9.370463
67024 9.355492
66549 9.338835
66980 9.333333
66497 9.309008
66556 9.289622
66485 9.270635
68887 9.242088
67057 9.231906
67137 9.200000
67310 9.175383
67254 9.175383
66104 9.162278
69285 9.095140
66727 9.067660
69030 9.035534
66738 9.035533
69372 8.969234
69348 8.969234
66569 8.966214
68412 8.927514
67374 8.903120
65701 8.886751
69490 8.863601
67039 8.810589
69403 8.796945
66843 8.672612
66736 8.635424
68959 8.550647
10238 8.490712
65934 8.487249
67334 8.440169
67307 8.428561
42691 8.395717
68473 8.300393
69482 8.294157
67110 8.269603
69272 8.267368
69228 8.267368
69345 8.239138
66689 8.112978
66177 8.098035
69539 8.071068
69302 8.071068
68077 8.071068
68015 8.071068
67736 8.071068
67528 8.071068
67289 8.071068
67246 8.071068
67241 8.071068
67227 8.071068
67216 8.071068
66824 8.071068
66660 8.071068
66595 8.071068
66588 8.071068
66585 8.071068
66546 8.071068
66536 8.071068
66515 8.071068
66410 8.071068
66389 8.071068
66365 8.071068
66309 8.071068
66272 8.071068
66231 8.071068
66151 8.071068
66148 8.071068
66132 8.071068
66094 8.071068
66082 8.071068
66010 8.071068
65945 8.071068
65790 8.071068
65776 8.071068
65768 8.071068
65724 8.071068
65653 8.071068
65507 8.071068
65256 8.071068
65070 8.071068
64923 8.071068
64906 8.071068
64597 8.071068
64442 8.071068
64361 8.071068
63989 8.071068
63883 8.071068
63333 8.071068
63332 8.071068
61920 8.071068
61838 8.071068
61545 8.071068
61006 8.071068
59650 8.071068
58724 8.071068
57037 8.071068
57016 8.071068
56111 8.071068
56110 8.071068
55896 8.071068
55895 8.071068
55220 8.071068
52757 8.071068
49926 8.071068
43306 8.071068
43290 8.071068
43282 8.071068
43237 8.071068
41614 8.071068
37114 8.071068
37040 8.071068
36975 8.071068
36633 8.071068
33158 8.071068
33156 8.071068
29069 8.071068
16938 8.071068
16807 8.071068
15718 8.071068
15311 8.071068
12248 8.071068
12238 8.071068
11783 8.071068
11782 8.071068
10567 8.071068
10270 8.071068
10262 8.071068
10014 8.071068
67028 8.029682
69479 7.988806
66325 7.938269
69505 7.909952
69499 7.909952
68523 7.882674
66673 7.859757
66742 7.829159
65854 7.825742
66680 7.808452
65857 7.776263
68690 7.655530
68499 7.655530
67004 7.541241
66886 7.435492
67218 7.389822
68429 7.369884
69378 7.309035
66322 7.279645
68875 7.186410
66442 7.177391
66238 7.166667
67068 7.129095
67231 7.104315
69290 7.095382
67309 7.081139
66701 7.073802
66390 7.028727
10516 6.946556
68348 6.857171
69424 6.829691
65672 6.789622
69513 6.773503
69511 6.773503
69317 6.773503
69308 6.773503
68883 6.773503
67543 6.773503
67461 6.773503
67362 6.773503
67230 6.773503
67223 6.773503
66857 6.773503
66610 6.773503
66495 6.773503
66458 6.773503
66455 6.773503
66404 6.773503
66289 6.773503
66262 6.773503
66258 6.773503
66192 6.773503
66154 6.773503
66152 6.773503
66140 6.773503
66139 6.773503
66130 6.773503
66125 6.773503
66081 6.773503
66003 6.773503
65944 6.773503
65929 6.773503
65805 6.773503
65800 6.773503
65761 6.773503
65699 6.773503
65698 6.773503
65646 6.773503
65272 6.773503
65168 6.773503
65106 6.773503
64927 6.773503
64892 6.773503
64099 6.773503
61905 6.773503
61859 6.773503
61827 6.773503
59022 6.773503
58655 6.773503
56358 6.773503
55481 6.773503
55458 6.773503
55325 6.773503
55102 6.773503
55061 6.773503
55046 6.773503
54821 6.773503
52862 6.773503
52597 6.773503
52266 6.773503
50916 6.773503
42904 6.773503
42896 6.773503
23407 6.773503
22565 6.773503
10703 6.773503
10255 6.773503
10242 6.773503
67930 6.749934
67312 6.714045
69442 6.660819
69418 6.654971
69391 6.654971
69291 6.654971
66732 6.647079
66711 6.647079
66243 6.646645
67684 6.631114
67701 6.629100
66379 6.590523
69367 6.576775
69398 6.569363
68697 6.563385
66290 6.553418
66829 6.535534
68346 6.532134
68446 6.531131
66981 6.444444
65508 6.407015
65862 6.361276
66038 6.332644
66363 6.292839
68344 6.271602
68591 6.252003
69352 6.133710
68345 6.132955
65170 6.104177
66851 6.072819
67120 6.030317
69540 6.000000
69534 6.000000
68054 6.000000
68047 6.000000
67044 6.000000
67013 6.000000
66623 6.000000
66562 6.000000
66469 6.000000
66456 6.000000
66441 6.000000
66426 6.000000
66411 6.000000
66131 6.000000
66124 6.000000
66079 6.000000
65946 6.000000
65933 6.000000
65897 6.000000
65773 6.000000
65742 6.000000
65732 6.000000
65710 6.000000
65708 6.000000
65700 6.000000
65655 6.000000
65211 6.000000
64921 6.000000
64913 6.000000
50108 6.000000
50104 6.000000
50092 6.000000
50069 6.000000
47966 6.000000
47965 6.000000
47954 6.000000
47953 6.000000
25812 6.000000
25698 6.000000
25551 6.000000
12092 6.000000
11890 6.000000
11889 6.000000
11888 6.000000
11882 6.000000
11712 6.000000
11709 6.000000
11215 6.000000
65838 5.989988
69374 5.978910
66573 5.975684
66052 5.935814
67975 5.925356
68076 5.859533
65870 5.793368
67242 5.782547
69335 5.743302
67147 5.716195
66855 5.686068
65841 5.661424
65322 5.657866
65991 5.601100
66044 5.562558
66039 5.562402
67338 5.554371
69311 5.530268
65820 5.498354
65910 5.492485
67342 5.488487
68389 5.472136
67366 5.472136
66813 5.472136
66733 5.472136
66252 5.472136
66160 5.472136
66156 5.472136
66084 5.472136
66069 5.472136
66046 5.472136
65278 5.472136
64382 5.472136
62358 5.472136
60384 5.472136
57456 5.472136
57445 5.472136
57093 5.472136
56763 5.472136
56645 5.472136
53285 5.472136
50008 5.472136
49152 5.472136
48929 5.472136
42666 5.472136
24916 5.472136
24563 5.472136
10265 5.472136
10260 5.472136
65369 5.448584
66706 5.426165
66043 5.336891
66467 5.286618
66830 5.236068
66499 5.204112
66608 5.178488
69354 5.154518
68404 5.134826
69020 5.082483
66494 5.082483
66394 5.082483
66386 5.082483
66377 5.082483
66218 5.082483
66126 5.082483
65981 5.082483
65265 5.082483
61703 5.082483
57470 5.082483
57030 5.082483
57029 5.082483
57019 5.082483
57015 5.082483
57007 5.082483
57006 5.082483
27094 5.082483
26863 5.082483
11971 5.082483
11970 5.082483
11969 5.082483
11968 5.082483
7280 5.082483
7278 5.082483
7277 5.082483
7276 5.082483
7275 5.082483
7274 5.082483
65792 5.042998
68842 5.034934
69419 4.960824
68837 4.948405
67344 4.903687
66056 4.900280
10607 4.893027
68437 4.779645
67377 4.779645
67228 4.779645
67224 4.779645
67019 4.779645
66691 4.779645
66533 4.779645
66483 4.779645
66482 4.779645
66449 4.779645
66321 4.779645
66319 4.779645
66317 4.779645
66300 4.779645
66134 4.779645
66029 4.779645
65985 4.779645
65956 4.779645
65894 4.779645
65867 4.779645
65635 4.779645
65445 4.779645
65415 4.779645
65088 4.779645
64938 4.779645
64341 4.779645
64254 4.779645
64032 4.779645
64010 4.779645
63335 4.779645
62826 4.779645
61582 4.779645
60887 4.779645
60765 4.779645
59624 4.779645
58461 4.779645
57722 4.779645
56557 4.779645
25805 4.779645
25755 4.779645
25688 4.779645
25649 4.779645
25642 4.779645
25547 4.779645
10037 4.779645
66201 4.767767
66281 4.729773
67284 4.723058
66985 4.707439
66265 4.666667
65581 4.619082
67385 4.599429
67009 4.535534
66793 4.535534
66336 4.535534
66333 4.535534
66118 4.535534
65959 4.535534
65920 4.535534
65764 4.535534
65692 4.535534
65490 4.535534
65441 4.535534
65433 4.535534
65034 4.535534
69443 4.477488
65983 4.390572
69318 4.372485
69491 4.333333
68507 4.333333
67933 4.333333
67792 4.333333
67693 4.333333
66751 4.333333
66664 4.333333
66632 4.333333
66616 4.333333
66507 4.333333
66225 4.333333
65952 4.333333
65830 4.333333
65614 4.333333
65576 4.333333
65409 4.333333
65395 4.333333
65367 4.333333
66547 4.317207
66452 4.270635
66841 4.178511
69454 4.162278
69437 4.162278
68775 4.162278
67450 4.162278
67318 4.162278
67315 4.162278
66574 4.162278
66396 4.162278
66393 4.162278
66375 4.162278
65572 4.162278
65172 4.162278
42412 4.162278
42034 4.162278
41189 4.162278
25004 4.162278
24915 4.162278
24469 4.162278
24230 4.162278
24225 4.162278
24145 4.162278
23797 4.162278
65713 4.072374
65446 4.072374
67979 4.015113
66523 4.015113
65844 4.015113
65571 4.015113
62961 4.015113
57885 4.015113
57198 4.015113
56298 4.015113
55967 4.015113
55538 4.015113
10348 4.015113
10268 4.015113
10263 4.015113
10256 4.015113
10254 4.015113
10253 4.015113
10252 4.015113
10249 4.015113
10246 4.015113
10241 4.015113
65660 3.984617
69314 3.886751
69297 3.886751
69296 3.886751
69295 3.886751
65244 3.886751
65173 3.886751
64943 3.886751
66724 3.837423
67336 3.773501
66473 3.773501
66190 3.773501
68702 3.672612
66816 3.672612
66759 3.672612
66577 3.672612
66530 3.672612
65948 3.672612
65291 3.610042
68212 3.581989
67746 3.581989
67708 3.581989
67126 3.581989
66974 3.581989
65344 3.581989
65511 3.558761
67702 3.533006
66625 3.500000
65585 3.500000
41414 3.500000
38466 3.500000
38394 3.500000
37892 3.500000
37891 3.500000
36959 3.500000
36949 3.500000
34218 3.500000
33932 3.500000
32765 3.500000
32481 3.500000
31744 3.500000
28690 3.500000
28475 3.500000
27892 3.500000
25435 3.500000
66807 3.446278
66681 3.425356
65852 3.425356
65851 3.425356
65850 3.425356
65848 3.425356
65836 3.425356
65834 3.425356
65829 3.425356
65825 3.425356
65818 3.425356
65817 3.425356
65814 3.425356
65557 3.425356
65551 3.425356
65548 3.425356
66852 3.357023
66850 3.357023
66815 3.357023
66787 3.357023
66779 3.357023
66772 3.357023
67580 3.335866
69448 3.294157
68817 3.294157
68680 3.294157
68574 3.294157
66599 3.294157
66437 3.294157
67568 3.277159
65720 3.236068
65682 3.236068
67325 3.182179
68962 3.132007
66626 3.132007
66451 3.132007
66142 3.085144
69386 3.041241
69373 3.041241
69371 3.041241
69362 3.041241
69359 3.041241
69346 3.041241
45233 3.041241
12444 3.041241
12442 3.041241
12383 3.041241
12378 3.041241
12372 3.041241
12367 3.041241
12366 3.041241
12363 3.041241
12359 3.041241
12357 3.041241
12351 3.041241
12350 3.041241
12349 3.041241
12348 3.041241
12347 3.041241
12343 3.041241
12340 3.041241
12336 3.041241
12331 3.041241
12327 3.041241
67111 3.003673
69252 3.000000
69246 3.000000
67579 2.826495
65860 2.825742
65847 2.825742
65840 2.825742
65839 2.825742
65837 2.825742
65833 2.825742
65832 2.825742
65828 2.825742
65824 2.825742
65823 2.825742
65554 2.825742
65552 2.825742
65550 2.825742
65549 2.825742
65545 2.825742
65543 2.825742
69080 2.767767
69049 2.767767
68583 2.767767
68460 2.767767
68341 2.767767
68275 2.767767
68266 2.767767
68254 2.767767
68206 2.767767
68188 2.767767
68182 2.767767
68128 2.767767
66491 2.767767
66488 2.767767
66479 2.767767
66477 2.767767
66476 2.767767
66474 2.767767
66470 2.767767
66423 2.767767
66346 2.767767
68411 2.746130
68781 2.740777
10611 2.714986
10610 2.714986
10597 2.714986
10594 2.714986
10592 2.714986
10588 2.714986
10585 2.714986
10582 2.714986
10576 2.714986
10574 2.714986
10573 2.714986
10572 2.714986
10568 2.714986
10565 2.714986
10563 2.714986
10561 2.714986
10560 2.714986
10559 2.714986
10558 2.714986
10557 2.714986
10556 2.714986
10553 2.714986
10549 2.714986
10547 2.714986
10542 2.714986
10537 2.714986
10536 2.714986
10535 2.714986
10534 2.714986
10532 2.714986
10531 2.714986
10518 2.714986
67069 2.690309
67025 2.690309
69410 2.666667
69334 2.643990
42658 2.622214
42414 2.622214
42045 2.622214
41822 2.622214
41403 2.622214
41183 2.622214
41180 2.622214
40952 2.622214
40776 2.622214
40773 2.622214
40763 2.622214
40532 2.622214
38616 2.622214
38448 2.622214
38409 2.622214
38343 2.622214
37893 2.622214
37890 2.622214
37582 2.622214
37284 2.622214
36351 2.622214
36135 2.622214
34980 2.622214
34795 2.622214
34501 2.622214
33404 2.622214
32739 2.622214
32460 2.622214
30664 2.622214
30411 2.622214
27347 2.622214
26768 2.622214
26613 2.622214
25294 2.622214
67380 2.561738
67337 2.561738
69413 2.507557
68365 2.507557
66995 2.507557
66993 2.507557
66990 2.507557
10605 2.474420
10604 2.474420
10601 2.474420
10599 2.474420
10598 2.474420
10596 2.474420
10595 2.474420
10593 2.474420
10591 2.474420
10590 2.474420
10586 2.474420
10584 2.474420
10583 2.474420
10581 2.474420
10580 2.474420
10579 2.474420
10577 2.474420
10575 2.474420
10571 2.474420
10570 2.474420
10569 2.474420
10566 2.474420
10564 2.474420
10555 2.474420
10554 2.474420
10551 2.474420
10550 2.474420
10548 2.474420
10546 2.474420
10543 2.474420
10541 2.474420
10540 2.474420
10539 2.474420
10533 2.474420
10529 2.474420
10528 2.474420
10526 2.474420
10525 2.474420
10524 2.474420
10523 2.474420
10522 2.474420
10520 2.474420
10517 2.474420
69383 2.443376
69313 2.443376
69277 2.443376
66997 2.400280
66153 2.400280
66058 2.400280
66053 2.400280
66049 2.400280
66042 2.400280
66041 2.400280
66001 2.400280
65993 2.400280
65992 2.400280
65990 2.400280
65988 2.400280
65976 2.400280
65930 2.400280
66166 2.324532
65911 2.324532
65812 2.324532
65652 2.324532
65634 2.324532
65621 2.324532
65471 2.324532
65458 2.324532
65451 2.324532
65380 2.324532
65345 2.324532
65263 2.324532
65210 2.324532
65171 2.324532
68631 2.290994
67479 2.290994
67453 2.290994
67276 2.290994
69090 2.259882
67383 2.221694
66811 2.221694
63508 2.221694
63357 2.221694
63345 2.221694
63320 2.221694
63180 2.221694
63119 2.221694
63080 2.221694
62949 2.221694
62899 2.221694
62890 2.221694
62875 2.221694
62570 2.221694
62408 2.221694
62113 2.221694
62083 2.221694
61890 2.221694
61802 2.221694
61770 2.221694
61621 2.221694
61586 2.221694
61447 2.221694
61416 2.221694
61135 2.221694
61056 2.221694
60873 2.221694
60852 2.221694
60805 2.221694
60750 2.221694
60630 2.221694
67742 2.162476
64751 2.162476
62670 2.162476
59794 2.162476
53293 2.162476
52482 2.162476
30576 2.162476
27506 2.162476
27327 2.162476
26844 2.162476
22060 2.162476
21906 2.162476
21733 2.162476
19032 2.162476
18857 2.162476
18591 2.162476
18554 2.162476
17131 2.162476
17106 2.162476
17048 2.162476
15858 2.162476
15660 2.162476
15657 2.162476
15354 2.162476
15193 2.162476
15109 2.162476
14945 2.162476
14762 2.162476
14589 2.162476
14275 2.162476
14213 2.162476
12717 2.162476
8830 2.162476
6752 2.162476
1505 2.162476
98 2.162476
43423 2.125088
43421 2.125088
43412 2.125088
43407 2.125088
43404 2.125088
43403 2.125088
43397 2.125088
43396 2.125088
43391 2.125088
43388 2.125088
43380 2.125088
43376 2.125088
43366 2.125088
43363 2.125088
43360 2.125088
43358 2.125088
43356 2.125088
43355 2.125088
43351 2.125088
43350 2.125088
43347 2.125088
43343 2.125088
43336 2.125088
43324 2.125088
43323 2.125088
43317 2.125088
43314 2.125088
43312 2.125088
43310 2.125088
43309 2.125088
43296 2.125088
43294 2.125088
43285 2.125088
43284 2.125088
43283 2.125088
43275 2.125088
43274 2.125088
43273 2.125088
43267 2.125088
43259 2.125088
67262 2.104315
67261 2.104315
67252 2.104315
67247 2.104315
67243 2.104315
69333 2.078328
68688 2.066004
68558 2.066004
68564 2.059998
68477 2.059998
68364 2.059998
68352 2.059998
69408 2.054093
69306 2.054093
69111 2.054093
67557 1.845154
67552 1.845154
67551 1.845154
66705 1.845154
66650 1.845154
66635 1.845154
66594 1.845154
66591 1.845154
66532 1.845154
69341 1.660819
69310 1.660819
69309 1.660819
68968 1.660819
68513 1.660819
