69670 13.550949
69992 12.456293
70031 11.750192
70014 11.632110
70005 11.338054
69998 11.018872
70010 10.986482
69723 10.644960
70030 9.989016
70690 9.792950
70655 9.727716
70361 9.604893
70007 9.449899
69708 9.400733
70706 9.326952
69287 9.222663
70575 9.028576
70222 9.003650
69693 8.986247
70733 8.919090
69728 8.901631
70769 8.832775
70002 8.706594
70204 8.696135
69115 8.601733
70357 8.553806
70238 8.459281
70431 8.340129
69617 8.248200
70343 8.245861
69539 8.161674
70347 8.090142
66141 8.085173
69958 7.959255
70199 7.736011
70703 7.714045
69612 7.701263
69924 7.697787
70699 7.696872
69730 7.672843
70207 7.563139
70218 7.531942
70659 7.432043
70584 7.412564
69816 7.280254
69613 7.276200
70243 7.253230
70586 7.245835
69932 7.235299
70568 7.211402
70190 7.207278
69943 7.178871
70738 7.155325
70470 7.120204
69799 7.103809
69648 7.084069
66270 7.079118
69711 7.040500
70477 7.015312
70702 6.984801
69235 6.982749
69116 6.821909
70210 6.750540
70182 6.744859
70675 6.716403
70432 6.691331
70700 6.680895
69702 6.672030
70381 6.650230
70000 6.647444
66170 6.559233
69991 6.554784
70185 6.541633
70040 6.527270
70223 6.514547
70221 6.508828
70205 6.508828
70188 6.508828
70481 6.485573
69376 6.393872
70742 6.386914
69986 6.341601
70200 6.282957
70677 6.278767
70634 6.276994
70729 6.271116
70716 6.271116
70707 6.271116
68790 6.265844
70550 6.252121
70430 6.206600
70471 6.165341
70693 6.147178
70694 6.147178
70346 6.143370
70186 6.118074
70239 6.117377
70236 6.101951
69999 6.034270
70015 6.004645
69696 5.976963
70180 5.934900
69117 5.926302
70038 5.896205
70758 5.857558
70179 5.855764
70775 5.853994
70726 5.833128
70727 5.825849
70528 5.797087
70233 5.767819
70679 5.738673
69396 5.668752
69089 5.653744
67865 5.653708
69067 5.629865
70172 5.614365
69717 5.609096
69662 5.527427
68921 5.507545
70486 5.502251
70710 5.481929
68835 5.446621
67872 5.446621
67817 5.446621
67827 5.446621
66190 5.446621
66152 5.446621
70766 5.429815
70351 5.428866
70571 5.398025
69771 5.395994
68885 5.380732
70689 5.371513
70685 5.371513
70683 5.371513
69919 5.365815
70467 5.349206
66876 5.347760
66750 5.347760
66797 5.347760
66868 5.347760
67190 5.347760
66899 5.347760
66898 5.347760
66888 5.347760
67202 5.347760
67848 5.347760
67811 5.347760
66166 5.347760
67035 5.347760
67020 5.347760
67078 5.347760
67077 5.347760
69556 5.347760
67133 5.347760
67150 5.347760
65854 5.347760
67058 5.347760
66908 5.347760
66845 5.347760
67151 5.347760
67153 5.347760
67152 5.347760
64994 5.347760
65299 5.347760
20368 5.347760
25799 5.347760
20370 5.347760
63502 5.347760
23966 5.347760
16807 5.347760
66639 5.347760
67761 5.347760
59542 5.347760
14783 5.347760
14433 5.347760
59627 5.347760
66410 5.347760
66622 5.347760
52660 5.347760
52785 5.347760
52689 5.347760
64269 5.347760
65611 5.347760
65538 5.347760
64424 5.347760
64410 5.347760
64396 5.347760
64391 5.347760
64308 5.347760
44061 5.347760
40733 5.347760
39795 5.347760
23746 5.347760
22794 5.347760
22235 5.347760
22048 5.347760
23584 5.347760
23416 5.347760
22732 5.347760
22703 5.347760
21957 5.347760
21932 5.347760
21924 5.347760
21755 5.347760
52782 5.347760
52728 5.347760
52723 5.347760
52722 5.347760
52718 5.347760
52703 5.347760
52701 5.347760
52690 5.347760
52673 5.347760
52671 5.347760
52667 5.347760
52665 5.347760
52652 5.347760
52643 5.347760
52008 5.347760
51676 5.347760
51667 5.347760
51662 5.347760
50816 5.347760
69432 5.342600
69624 5.332454
69254 5.320751
68110 5.308408
69261 5.296527
69720 5.218017
69709 5.218017
69713 5.210242
69994 5.200897
69824 5.192811
70197 5.173519
69221 5.159090
69414 5.121677
68989 5.118914
69074 5.109192
70613 5.102249
70198 5.093180
68889 5.076622
69077 5.076622
68954 5.076622
68940 5.076622
68910 5.076622
68898 5.076622
68822 5.076622
68821 5.076622
68142 5.076622
68134 5.076622
67897 5.076622
67892 5.076622
67846 5.076622
70219 5.059219
69602 5.052092
70588 5.029855
69936 4.979850
70626 4.968532
70473 4.932499
70687 4.928923
70777 4.921373
69415 4.915409
69262 4.865346
70493 4.806367
69464 4.796051
70482 4.749744
70359 4.742217
70574 4.740264
70559 4.740264
69370 4.738025
70538 4.721113
70433 4.709312
69820 4.697464
70698 4.656154
70439 4.612959
70704 4.608457
69819 4.604707
69990 4.588904
70668 4.572831
69987 4.566457
70701 4.544556
70438 4.530655
69773 4.524040
69770 4.524040
69874 4.519377
69963 4.507884
70512 4.475339
68065 4.464886
66129 4.464886
70712 4.451956
70476 4.429368
70583 4.408749
12425 4.408749
12413 4.408749
12412 4.408749
12411 4.408749
12407 4.408749
12396 4.408749
12395 4.408749
12387 4.408749
12378 4.408749
12372 4.408749
12371 4.408749
12364 4.408749
12345 4.408749
12344 4.408749
12341 4.408749
12332 4.408749
12328 4.408749
69276 4.388518
69277 4.388518
70556 4.379007
69783 4.307907
70474 4.304405
69834 4.252828
69499 4.212527
70487 4.205817
70338 4.203524
69642 4.191577
70553 4.190240
70688 4.188597
70781 4.168102
70779 4.168102
70778 4.168102
70776 4.168102
70773 4.168102
70771 4.168102
70770 4.168102
70765 4.168102
70743 4.168102
70672 4.168102
70492 4.168102
70447 4.168102
70446 4.168102
70445 4.168102
70443 4.168102
70342 4.164869
67213 4.154158
69146 4.153097
70397 4.133030
70001 4.123907
70602 4.117719
70692 4.112326
70646 4.105856
70504 4.056907
69038 4.015181
70723 3.990963
70417 3.978762
70440 3.978762
69721 3.957805
70549 3.956528
69579 3.952591
69293 3.937982
70352 3.921518
70193 3.918527
69727 3.898866
70592 3.894830
70705 3.871664
70008 3.869388
69064 3.859989
70130 3.852393
69451 3.781590
69706 3.765403
70608 3.756061
70744 3.756061
70653 3.756061
70611 3.756061
70543 3.756061
69692 3.739086
70722 3.727807
69935 3.706870
69837 3.693532
69496 3.683683
70682 3.659974
70480 3.658439
68147 3.655015
70510 3.636764
70505 3.636764
70499 3.636764
69600 3.612723
69448 3.609490
70414 3.596451
69923 3.580478
70042 3.577922
69609 3.553752
69603 3.553752
70681 3.509271
69688 3.504666
70697 3.475966
70230 3.466385
69996 3.450865
69712 3.441981
69869 3.432267
70389 3.426900
69920 3.425142
70539 3.419273
70184 3.413025
70747 3.404830
70658 3.404830
70577 3.404830
69373 3.399261
68856 3.383819
70496 3.361616
69321 3.352000
70300 3.334440
69714 3.314952
70676 3.293680
70640 3.293680
70636 3.293680
70695 3.293680
70709 3.289362
69788 3.270533
69475 3.255572
69495 3.234658
70660 3.224870
70422 3.206112
70752 3.205605
70759 3.199790
68144 3.194925
69369 3.192215
70231 3.174539
66137 3.172763
66031 3.172763
70479 3.163598
69316 3.145545
69269 3.145545
66325 3.139198
66310 3.139198
69377 3.138940
70235 3.129670
70469 3.111503
69472 3.103893
70301 3.083474
69131 3.070224
69101 3.068968
69132 3.068968
69104 3.068968
69126 3.068968
69513 3.046557
69430 3.036102
70756 3.036096
70297 3.027638
70337 3.025879
70326 3.022110
69812 3.005965
69279 3.004759
69444 2.976729
70358 2.972901
69599 2.959860
67901 2.956439
67765 2.956439
70421 2.942417
70018 2.928965
70475 2.927724
69966 2.913432
69795 2.910853
69130 2.898510
70091 2.863345
70731 2.849074
70730 2.849074
70621 2.849074
68103 2.846079
69569 2.838057
69534 2.837317
70409 2.830659
70364 2.830659
69639 2.814984
67812 2.806405
70303 2.804787
69441 2.801924
69601 2.800952
69597 2.800952
69593 2.800952
69114 2.796671
69825 2.788110
70006 2.785996
69694 2.753746
70244 2.739729
69726 2.738230
68999 2.726271
70466 2.725298
69719 2.719267
67879 2.660430
66463 2.660430
70566 2.659262
70557 2.659262
70229 2.646922
69855 2.645955
69366 2.622106
69676 2.607136
69536 2.606197
69580 2.594211
69566 2.594211
70323 2.590379
69312 2.586528
69615 2.583153
69364 2.572131
70240 2.558836
69548 2.557439
70053 2.549501
66720 2.544744
66718 2.544744
66700 2.544744
70763 2.530296
70576 2.526929
69091 2.514790
70324 2.512168
69705 2.501906
70336 2.496548
70191 2.491498
68684 2.483191
69211 2.479908
68865 2.477461
70194 2.457557
69614 2.437516
69136 2.434571
69412 2.433543
69880 2.408577
70012 2.393793
70664 2.388283
70760 2.386184
70753 2.386184
70745 2.386184
70785 2.386184
70748 2.386184
70017 2.368742
70234 2.363505
69778 2.355750
70468 2.354994
69647 2.349981
69665 2.349981
69655 2.349981
69626 2.349860
69081 2.345947
69700 2.343035
69562 2.333693
69344 2.323217
69408 2.323184
70349 2.322915
70565 2.321667
69989 2.307945
70242 2.287524
69774 2.284369
70390 2.283988
67839 2.283723
69079 2.273699
70399 2.271064
70344 2.267036
69547 2.264126
69582 2.263324
70078 2.248987
68112 2.219242
69439 2.214842
70368 2.200045
69838 2.198808
67816 2.181470
69474 2.173800
69977 2.154829
70214 2.150273
70106 2.144661
70047 2.138294
69684 2.134152
68988 2.133723
68873 2.133723
67849 2.126891
69690 2.121715
69823 2.109157
69857 2.108435
70600 2.088885
68939 2.088882
69192 2.088096
69780 2.079383
70383 2.073010
70597 2.059455
69581 2.052018
66259 2.050424
70175 2.025543
70497 2.024027
66048 2.022564
65761 2.022564
69340 2.020882
69704 2.006979
70757 1.999339
66636 1.995029
65672 1.995029
65456 1.995029
70424 1.994785
69616 1.993920
70254 1.991091
69349 1.989942
70021 1.972711
69725 1.961088
70388 1.939052
69650 1.931197
69443 1.929037
69997 1.923682
69567 1.915171
68148 1.911553
69781 1.905588
69764 1.889535
70004 1.884834
70635 1.876109
70754 1.866916
70661 1.866916
69249 1.866629
67536 1.857520
69048 1.847118
69060 1.847118
68843 1.841606
67807 1.841606
69934 1.836381
69988 1.827277
70073 1.826928
70401 1.823672
70325 1.795811
70563 1.791171
70304 1.782004
70525 1.771799
70456 1.762846
70187 1.753106
70126 1.743676
70213 1.736327
70356 1.735351
69652 1.728597
69282 1.727847
70125 1.722278
70560 1.720640
69794 1.718951
69072 1.715228
70212 1.715217
69618 1.712365
69607 1.712365
69506 1.708678
68979 1.705303
70345 1.704406
69187 1.704147
70718 1.704065
69732 1.699109
69289 1.692314
70327 1.689021
70366 1.685174
69163 1.680641
70043 1.677801
69292 1.675749
70382 1.663912
66361 1.662622
70201 1.659558
70567 1.659337
70534 1.659337
70168 1.655120
70371 1.654703
69644 1.652252
69524 1.645818
70062 1.645723
70147 1.636909
69810 1.636291
69552 1.636273
69948 1.636009
66725 1.635537
69050 1.632490
66909 1.632444
67154 1.632444
70225 1.631419
68060 1.609658
70435 1.608078
69554 1.603624
70203 1.585664
70286 1.585404
70385 1.579898
69357 1.576107
70489 1.564650
70369 1.563204
70402 1.562072
70289 1.559375
70296 1.557852
67109 1.557349
67210 1.557349
70192 1.557086
70224 1.551042
70216 1.550486
69636 1.549029
69863 1.546540
70189 1.542172
69606 1.541724
70403 1.541237
69174 1.539340
68816 1.538210
70656 1.531928
70657 1.531928
69156 1.528358
69969 1.524625
69903 1.522455
69683 1.519185
68126 1.518942
68994 1.518942
70039 1.518786
69061 1.515372
70268 1.505969
69859 1.499356
65449 1.499311
65448 1.499311
70442 1.498598
70444 1.498598
69142 1.497092
69937 1.495218
69110 1.491939
69583 1.483215
69076 1.481584
69075 1.481584
68879 1.479371
70330 1.476721
69005 1.471080
69124 1.463333
70245 1.462992
70144 1.457825
70548 1.457604
69336 1.456778
67731 1.452132
70317 1.451928
70641 1.447871
68908 1.447871
70074 1.445750
67562 1.436656
70780 1.431013
70041 1.430178
69487 1.424543
70183 1.422639
70334 1.420783
68152 1.416066
70174 1.413094
70269 1.411737
70083 1.410586
69483 1.405282
70253 1.404468
70022 1.390298
66267 1.390294
69687 1.385646
70281 1.383565
70311 1.381937
70691 1.381708
69801 1.379519
68916 1.371805
68913 1.369641
69677 1.368348
69545 1.368322
66228 1.359699
69324 1.359670
69568 1.356131
70280 1.352830
69699 1.352668
70458 1.351776
69814 1.346891
69333 1.337372
69813 1.336918
70113 1.336162
69137 1.332919
69775 1.330061
67573 1.327091
70564 1.326311
70554 1.326311
70391 1.322844
69806 1.322456
69309 1.322234
70252 1.316384
69833 1.316314
70312 1.315909
69520 1.309812
10245 1.308756
10239 1.308756
70425 1.308756
70208 1.308121
70232 1.304999
70451 1.304077
69766 1.303829
70459 1.302383
69386 1.302286
69707 1.301484
70348 1.295211
69663 1.292922
70318 1.290669
69758 1.289990
69752 1.289990
70308 1.289887
70271 1.288412
70284 1.288112
70206 1.286995
70023 1.283189
69972 1.281859
70405 1.280534
70103 1.278119
69530 1.278039
69995 1.270360
69503 1.270069
70173 1.268091
66505 1.267973
70058 1.267279
70376 1.267273
70066 1.265785
69793 1.265756
70319 1.261204
68904 1.260290
68851 1.260290
70457 1.257001
69018 1.256374
70257 1.252121
70029 1.251341
70136 1.243451
70310 1.238508
69844 1.237552
69622 1.236335
69621 1.236335
69141 1.235416
70259 1.235260
70120 1.233987
70320 1.229809
69570 1.229032
70261 1.225810
69036 1.223910
70449 1.221905
70315 1.220100
70278 1.219661
69804 1.219194
70092 1.218419
70093 1.216911
69673 1.216474
69753 1.216409
69653 1.214426
70154 1.213826
70464 1.210199
70448 1.210199
70508 1.208209
70513 1.208209
10246 1.208172
70307 1.206926
69777 1.205397
69776 1.205397
70465 1.204460
70034 1.203079
70483 1.201933
69671 1.201493
70292 1.201141
69088 1.197007
68796 1.196720
68137 1.196251
70217 1.187517
70407 1.183725
70377 1.183088
70372 1.182621
68101 1.181710
70333 1.178866
70051 1.177327
70123 1.173759
70025 1.172696
70514 1.166545
67844 1.165799
68934 1.165278
69533 1.163672
69689 1.162278
70441 1.159587
69669 1.159045
69323 1.158780
70594 1.154705
70276 1.151598
69543 1.146372
69143 1.145514
69484 1.144680
69698 1.138190
70309 1.137853
69646 1.134981
70264 1.128628
66825 1.124686
70013 1.120464
69656 1.118928
69205 1.115498
69765 1.114963
70732 1.112826
70491 1.111023
69922 1.110645
69243 1.109500
70026 1.108856
70056 1.105157
69850 1.101336
69206 1.100288
70509 1.098132
70274 1.095863
70129 1.095444
69929 1.092347
70374 1.091419
70293 1.091414
69761 1.089034
70177 1.088950
70341 1.085827
69634 1.084984
69744 1.081748
70294 1.080733
69843 1.079695
70272 1.079553
69789 1.078958
70100 1.078819
69468 1.077879
69779 1.076363
70248 1.075624
70247 1.072034
70156 1.066949
70724 1.066551
69807 1.066315
70299 1.064947
70082 1.064515
70275 1.056557
69334 1.052917
70537 1.052702
69317 1.050798
69731 1.049275
70544 1.047629
70517 1.044703
69365 1.039304
70070 1.038081
70502 1.035925
70515 1.035240
70367 1.027880
70262 1.024084
69480 1.019397
70068 1.015782
70751 1.011761
70463 1.011178
70277 1.009007
70050 1.008864
70101 1.008468
69983 1.006132
70220 1.005622
69739 1.003597
70260 0.995396
69526 0.994090
70495 0.989884
69590 0.989349
69551 0.987903
69930 0.987874
70503 0.985476
69385 0.983616
70020 0.983377
69798 0.980830
70115 0.980342
69059 0.978757
70114 0.977217
70295 0.973328
70052 0.973030
70181 0.972926
69571 0.965622
69575 0.965521
69497 0.963897
69630 0.960885
70394 0.960765
69527 0.956462
68947 0.956207
69063 0.955916
70118 0.954871
70143 0.954809
69515 0.954530
70393 0.951656
70589 0.950568
66683 0.950184
69248 0.946229
70437 0.943538
69836 0.942741
70686 0.937312
66596 0.936378
70314 0.935204
70541 0.931458
69763 0.930503
70266 0.930371
70570 0.929508
69853 0.926134
69951 0.925917
70429 0.919619
70149 0.919089
70302 0.919024
70069 0.913037
68967 0.907717
68948 0.906579
69959 0.904830
69482 0.904707
70165 0.903204
70419 0.902040
70316 0.900644
70450 0.900465
69604 0.899777
69946 0.899755
69864 0.898871
69848 0.895805
70273 0.894354
70523 0.892915
70370 0.889178
69461 0.887906
70258 0.887199
69968 0.885797
70033 0.885401
70365 0.882340
68156 0.881107
66411 0.881107
70145 0.880325
70750 0.878099
69352 0.878063
69469 0.876351
69085 0.871458
69945 0.869926
69576 0.869318
67496 0.866210
70461 0.865184
70109 0.861960
70340 0.858033
66690 0.856767
70580 0.855919
69093 0.852550
69818 0.849556
69672 0.844506
69734 0.840303
69827 0.839594
70287 0.837171
69522 0.832953
69947 0.831626
69912 0.831117
67843 0.830996
70291 0.830144
69577 0.830059
69233 0.826517
69762 0.826251
70215 0.825615
69933 0.823996
70111 0.820404
70415 0.819244
70108 0.809493
69071 0.807091
70488 0.803557
70485 0.803557
69540 0.802164
67199 0.802164
69157 0.802164
70782 0.802164
70774 0.802164
70741 0.802164
70737 0.802164
70720 0.802164
70667 0.802164
70650 0.802164
70648 0.802164
70633 0.802164
70628 0.802164
70623 0.802164
70617 0.802164
70612 0.802164
70599 0.802164
70551 0.802164
70530 0.802164
70498 0.802164
70406 0.802164
70298 0.802164
70140 0.802164
69910 0.802164
69886 0.802164
69861 0.802164
69715 0.802164
69710 0.802164
69623 0.802164
69573 0.802164
69560 0.802164
69557 0.802164
69553 0.802164
69542 0.802164
69525 0.802164
69523 0.802164
69516 0.802164
69510 0.802164
69505 0.802164
69360 0.802164
69172 0.802164
69165 0.802164
69161 0.802164
69152 0.802164
69135 0.802164
69108 0.802164
69102 0.802164
69094 0.802164
69082 0.802164
69051 0.802164
69043 0.802164
69035 0.802164
69022 0.802164
69000 0.802164
68984 0.802164
68929 0.802164
68907 0.802164
68896 0.802164
68895 0.802164
68876 0.802164
68721 0.802164
68696 0.802164
68681 0.802164
68671 0.802164
68651 0.802164
68632 0.802164
68498 0.802164
68471 0.802164
68464 0.802164
68458 0.802164
68371 0.802164
68360 0.802164
68271 0.802164
68265 0.802164
68157 0.802164
68118 0.802164
68078 0.802164
67913 0.802164
67910 0.802164
67895 0.802164
67867 0.802164
67860 0.802164
67859 0.802164
67855 0.802164
67805 0.802164
67801 0.802164
67767 0.802164
67721 0.802164
67558 0.802164
67525 0.802164
67500 0.802164
67493 0.802164
67492 0.802164
67478 0.802164
67466 0.802164
67459 0.802164
67423 0.802164
67407 0.802164
67370 0.802164
67342 0.802164
67290 0.802164
67214 0.802164
67212 0.802164
67201 0.802164
67198 0.802164
67196 0.802164
67193 0.802164
67177 0.802164
67164 0.802164
67156 0.802164
67146 0.802164
67127 0.802164
67124 0.802164
67119 0.802164
67108 0.802164
67107 0.802164
67095 0.802164
67092 0.802164
67087 0.802164
67081 0.802164
67064 0.802164
67060 0.802164
67031 0.802164
66997 0.802164
66984 0.802164
66907 0.802164
66902 0.802164
66885 0.802164
66873 0.802164
66838 0.802164
66837 0.802164
66834 0.802164
66822 0.802164
66789 0.802164
66786 0.802164
66744 0.802164
66740 0.802164
66702 0.802164
66560 0.802164
66551 0.802164
66302 0.802164
66227 0.802164
66217 0.802164
66212 0.802164
66211 0.802164
66186 0.802164
66174 0.802164
66061 0.802164
66012 0.802164
64092 0.802164
64083 0.802164
61110 0.802164
60360 0.802164
59849 0.802164
57960 0.802164
56585 0.802164
54611 0.802164
54113 0.802164
52911 0.802164
52780 0.802164
52759 0.802164
52749 0.802164
52613 0.802164
51277 0.802164
49741 0.802164
46103 0.802164
43412 0.802164
41822 0.802164
40959 0.802164
40776 0.802164
40736 0.802164
40532 0.802164
38616 0.802164
37284 0.802164
29992 0.802164
25884 0.802164
22230 0.802164
20839 0.802164
12527 0.802164
12418 0.802164
10243 0.802164
10237 0.802164
7937 0.802164
6063 0.802164
0 0.802164
69742 0.799648
68130 0.795127
70387 0.794919
70157 0.790823
70453 0.790540
69938 0.790205
70251 0.787245
69437 0.785247
69488 0.782774
69862 0.782707
69961 0.782576
70060 0.781814
69928 0.778441
68162 0.777062
69921 0.775986
69486 0.775216
67783 0.773186
67760 0.772556
67700 0.771926
70511 0.769492
68143 0.767671
70285 0.767359
70112 0.767021
70089 0.765323
70490 0.764230
39895 0.761991
67850 0.760701
69917 0.756186
69147 0.753946
69435 0.753506
69169 0.753154
69479 0.752265
69965 0.752172
70363 0.748904
69926 0.748890
69176 0.746693
69851 0.745632
69481 0.742259
69897 0.740917
70146 0.739870
69588 0.738051
69002 0.735019
69870 0.734549
69619 0.728823
70032 0.728811
69879 0.726220
68926 0.725795
70054 0.724625
69100 0.722740
70088 0.721991
69895 0.721664
69846 0.718309
70048 0.717471
70148 0.716904
70161 0.716725
70138 0.716395
69971 0.715432
70132 0.714933
69829 0.713627
66713 0.709001
69471 0.708697
69896 0.705274
70529 0.698791
69409 0.698757
70142 0.696891
69109 0.696373
69628 0.696066
70392 0.694193
69459 0.691177
69790 0.690755
69767 0.690345
69210 0.688147
69913 0.686061
70167 0.683945
68950 0.681724
70035 0.681569
69981 0.679801
70355 0.679456
70105 0.678578
70045 0.678006
69149 0.676788
69749 0.668589
69417 0.667426
70426 0.666711
69884 0.663117
61118 0.661162
69877 0.660116
69398 0.659780
67575 0.656877
70046 0.656725
67691 0.656173
69455 0.655767
70411 0.653737
69953 0.651405
69985 0.648447
69873 0.648135
69046 0.648133
70436 0.647918
69029 0.647804
67565 0.646641
70527 0.645117
70104 0.644624
69167 0.641132
66748 0.639896
70153 0.639422
69098 0.636400
70263 0.633610
69740 0.632647
69460 0.632231
69939 0.628058
69339 0.627622
70099 0.626509
70768 0.625215
70226 0.623592
70028 0.623225
70117 0.620736
70362 0.617370
69470 0.616348
70250 0.614747
70064 0.613525
69952 0.607917
69668 0.606797
69021 0.606647
70256 0.605498
69786 0.604370
69458 0.603460
70139 0.602753
69738 0.601271
69247 0.599811
70141 0.599740
69940 0.599471
69954 0.598617
70049 0.598121
69908 0.597432
69436 0.596111
70532 0.593671
69589 0.593225
70395 0.590174
69106 0.589277
69259 0.588368
69984 0.584471
69595 0.583789
70625 0.582048
70110 0.581764
69225 0.581375
70353 0.579303
69463 0.579234
70121 0.576688
69957 0.576059
70137 0.573985
69962 0.573185
69489 0.572823
69245 0.571642
70516 0.571039
69265 0.570616
67866 0.566895
69197 0.566473
69181 0.565758
69216 0.565727
69284 0.565247
70102 0.565012
70555 0.563409
69453 0.562882
70162 0.559179
70170 0.557669
69914 0.557458
69964 0.553583
70169 0.550508
70087 0.550023
70404 0.548730
70166 0.548623
70024 0.547773
69887 0.547041
70462 0.544875
69220 0.544424
70063 0.543469
69454 0.543255
69348 0.542675
69215 0.542122
69139 0.542073
70335 0.540794
69231 0.539961
66239 0.539239
69901 0.538219
69832 0.537380
69866 0.537237
70267 0.537127
69183 0.535721
69314 0.533064
70507 0.532959
69378 0.528608
69826 0.527973
68974 0.527959
69358 0.526247
70119 0.525325
70135 0.524703
70096 0.524131
69446 0.523759
69438 0.523421
70065 0.522956
69456 0.522669
69224 0.522181
69199 0.521924
69145 0.519442
70410 0.518819
69944 0.518518
69308 0.518518
69255 0.516309
70249 0.515717
69227 0.513750
69416 0.512635
69907 0.511084
70131 0.509631
69203 0.509265
67734 0.507407
69389 0.506628
70164 0.505876
69899 0.504942
70526 0.503823
70072 0.503808
69306 0.500905
69445 0.500091
69564 0.499318
69769 0.494816
70423 0.494058
69916 0.492506
69750 0.492334
69682 0.491165
69900 0.489571
69380 0.488107
70416 0.484199
68800 0.480862
69915 0.479359
69529 0.476793
66078 0.475914
69275 0.475030
69911 0.473151
69260 0.471253
69894 0.471203
67582 0.470861
69876 0.470552
69927 0.469838
69263 0.469681
70313 0.469070
69478 0.469001
69878 0.468866
69868 0.468866
69294 0.468865
66715 0.464941
69278 0.463108
69264 0.463108
69257 0.461178
69297 0.459227
69239 0.458591
69214 0.458343
70719 0.456588
69433 0.455435
70085 0.454509
68956 0.453508
68091 0.453508
69885 0.453475
69291 0.453033
67852 0.450958
70081 0.448845
69637 0.448654
66342 0.448475
68120 0.446797
70158 0.446262
70155 0.446097
69898 0.445474
68833 0.444322
69902 0.443264
69596 0.439849
69217 0.439337
69273 0.439289
69905 0.430703
69565 0.429772
69449 0.429514
69244 0.429122
69019 0.427009
69420 0.426858
69223 0.426737
69735 0.425934
69251 0.425068
69661 0.421409
69431 0.420942
69207 0.420368
69841 0.419830
69854 0.419370
69320 0.419334
69500 0.419334
70408 0.416681
69423 0.414366
69973 0.412097
68942 0.408688
69906 0.408238
69404 0.406501
70061 0.405813
70152 0.405534
69372 0.403960
68141 0.403602
70339 0.403507
69891 0.403295
69375 0.403235
69425 0.398808
69585 0.397269
69202 0.394036
69974 0.392747
69045 0.391539
70086 0.391521
69285 0.390313
69230 0.390313
69288 0.390313
70506 0.386795
69746 0.384125
69675 0.381945
69250 0.381937
69268 0.381768
68159 0.379794
68108 0.379794
69845 0.378222
69785 0.376356
68129 0.373849
69394 0.372750
69817 0.370680
70124 0.370007
67823 0.368057
67907 0.366816
70150 0.365834
69691 0.364544
69447 0.361143
69865 0.359430
66593 0.356469
69023 0.356469
69803 0.356096
69084 0.355960
69381 0.354706
67215 0.352879
69809 0.352832
69424 0.350369
69012 0.350187
69546 0.347220
69535 0.344847
70524 0.343892
69979 0.343546
69649 0.341935
70536 0.341509
69434 0.337933
70384 0.337041
70418 0.331066
69830 0.328920
69391 0.327248
70420 0.325224
69406 0.323828
69362 0.323375
70080 0.321072
69651 0.319247
68964 0.316270
68794 0.316270
69666 0.315580
70680 0.313333
69429 0.311566
67869 0.311521
69755 0.310842
69311 0.309097
69397 0.308566
69791 0.304802
70373 0.304761
69388 0.303438
66477 0.303385
69368 0.303357
69319 0.299841
69635 0.296910
69286 0.296406
69931 0.294560
69371 0.293987
69367 0.293987
70522 0.289859
70375 0.288867
69667 0.286843
69379 0.284471
69200 0.281808
69842 0.280861
70386 0.280303
70413 0.277796
69175 0.275714
69760 0.273655
69413 0.273102
69645 0.273000
69402 0.272022
69858 0.271761
69754 0.269791
70332 0.265392
69942 0.261296
67840 0.259767
69399 0.258719
70107 0.255575
67789 0.253707
67568 0.253707
70531 0.253491
70163 0.252589
69232 0.252472
69980 0.251715
70535 0.250771
66722 0.249781
65731 0.249781
69226 0.247707
66986 0.244867
69355 0.241956
69407 0.241885
69909 0.240340
70090 0.238509
70360 0.238037
69189 0.235462
69419 0.234629
69748 0.233172
69678 0.232247
70127 0.229027
69477 0.226344
69177 0.225166
69392 0.223432
67802 0.222839
68090 0.222839
69835 0.222223
69586 0.215177
70645 0.214652
70160 0.212619
69796 0.212431
69686 0.211986
69679 0.208941
70494 0.206993
69238 0.205826
66737 0.201711
70533 0.198955
69736 0.198388
66564 0.195256
69383 0.195017
67726 0.194040
67876 0.193437
67777 0.193437
67712 0.193437
67574 0.193437
66686 0.193437
66501 0.193437
69119 0.191810
69960 0.189872
69241 0.188020
70673 0.186388
66542 0.184209
66484 0.184209
70059 0.181506
69852 0.181467
69918 0.180998
69956 0.178202
66350 0.175452
67806 0.175452
69633 0.174843
69632 0.174843
69657 0.174480
69242 0.174347
69802 0.173838
66887 0.172883
66654 0.172883
69747 0.172699
67798 0.172311
69882 0.171792
69212 0.170993
69274 0.170721
69170 0.167673
69418 0.164291
69941 0.162761
67908 0.162605
69193 0.158798
69219 0.157098
69347 0.156288
69403 0.156204
66716 0.155455
66658 0.155455
68104 0.155455
68111 0.155455
70084 0.151411
69411 0.151191
69784 0.150444
69140 0.150012
69237 0.149873
69867 0.147058
69351 0.146815
69745 0.144734
66697 0.144616
68813 0.143776
68066 0.141373
66387 0.141373
66072 0.141373
66039 0.141373
65713 0.141373
66059 0.141373
69361 0.141264
70122 0.138685
69681 0.137606
69685 0.137606
69839 0.136251
69467 0.134700
69638 0.134595
66502 0.133867
69401 0.133621
69353 0.133007
69356 0.131704
70098 0.129754
69805 0.129269
69893 0.127993
67863 0.127766
69194 0.126727
69787 0.126586
69641 0.125305
69229 0.122203
64449 0.120325
64421 0.120325
64418 0.120325
64416 0.120325
64413 0.120325
64412 0.120325
64409 0.120325
64404 0.120325
64324 0.120325
48335 0.120325
11426 0.120325
68639 0.120325
68633 0.120325
68431 0.120325
68414 0.120325
68406 0.120325
68402 0.120325
68401 0.120325
68390 0.120325
68320 0.120325
70500 0.120325
70501 0.120325
64034 0.120325
64208 0.120325
64205 0.120325
64181 0.120325
64098 0.120325
66475 0.120325
66206 0.120325
70669 0.120325
70783 0.120325
70755 0.120325
70622 0.120325
67851 0.120325
66319 0.120325
66327 0.120325
65604 0.120325
65565 0.120325
68995 0.120325
65440 0.120325
66643 0.120325
66429 0.120325
65936 0.120325
66343 0.120325
67174 0.120325
67019 0.120325
67016 0.120325
69266 0.117218
69442 0.116624
69318 0.114582
67868 0.113875
69303 0.107841
69026 0.107315
70331 0.107014
69892 0.104164
69680 0.101100
69184 0.099409
69325 0.097380
66710 0.096094
69191 0.092872
66548 0.092526
69345 0.090898
69756 0.089875
69256 0.089549
69190 0.087279
69179 0.084650
69421 0.084650
69354 0.084650
69350 0.084650
69346 0.084650
69341 0.084650
69338 0.084650
69310 0.084650
69258 0.084650
69236 0.084650
69208 0.084650
69204 0.084650
69195 0.084650
69186 0.084650
69182 0.084650
69171 0.084650
69168 0.084650
69313 0.082809
69298 0.082809
69335 0.082164
69185 0.080522
69759 0.080428
69209 0.080296
69400 0.079897
69270 0.079897
69872 0.078430
69290 0.075588
69240 0.075588
69393 0.073533
69343 0.072089
69253 0.070009
69295 0.068435
